1.889399999999999968e+00
2.229699999999999793e+00
2.576900000000000190e+00
2.462600000000000122e+00
2.594199999999999839e+00
2.301200000000000134e+00
2.242999999999999883e+00
2.328300000000000036e+00
2.287999999999999812e+00
2.156899999999999817e+00
2.380300000000000082e+00
2.374299999999999855e+00
2.567499999999999893e+00
2.804600000000000204e+00
2.913100000000000023e+00
2.771999999999999797e+00
2.652699999999999836e+00
2.194799999999999862e+00
2.312399999999999789e+00
2.108900000000000219e+00
2.118100000000000094e+00
2.219300000000000050e+00
1.989800000000000013e+00
1.867099999999999982e+00
1.860100000000000087e+00
1.730599999999999916e+00
1.697899999999999965e+00
1.807700000000000085e+00
2.023000000000000131e+00
1.890500000000000069e+00
2.082100000000000062e+00
1.920199999999999907e+00
2.113599999999999923e+00
1.724399999999999933e+00
1.748199999999999976e+00
1.484299999999999953e+00
1.653599999999999959e+00
1.522599999999999953e+00
1.516000000000000014e+00
1.442399999999999904e+00
1.722399999999999931e+00
1.255800000000000027e+00
1.523500000000000076e+00
1.530999999999999917e+00
1.483400000000000052e+00
1.316999999999999948e+00
1.375199999999999978e+00
1.329499999999999904e+00
1.285900000000000043e+00
1.355499999999999927e+00
1.231500000000000039e+00
1.130400000000000071e+00
1.477800000000000002e+00
1.209799999999999986e+00
1.222699999999999898e+00
1.064300000000000024e+00
1.180299999999999905e+00
1.286100000000000021e+00
9.641999999999999460e-01
1.086000000000000076e+00
9.513000000000000345e-01
1.198900000000000077e+00
9.963999999999999524e-01
9.195999999999999730e-01
1.024899999999999922e+00
8.851999999999999869e-01
8.441999999999999504e-01
8.255000000000000115e-01
9.739999999999999769e-01
9.340000000000000524e-01
8.653999999999999471e-01
9.586000000000000076e-01
7.523999999999999577e-01
7.437000000000000277e-01
8.137999999999999678e-01
7.548000000000000265e-01
7.197999999999999954e-01
6.953000000000000291e-01
6.935999999999999943e-01
6.616999999999999549e-01
6.654999999999999805e-01
6.725999999999999757e-01
6.579000000000000403e-01
7.318999999999999950e-01
6.139999999999999902e-01
6.049999999999999822e-01
5.147000000000000464e-01
6.831000000000000405e-01
5.533000000000000140e-01
5.220000000000000195e-01
5.483999999999999986e-01
5.551000000000000378e-01
5.582000000000000295e-01
6.330999999999999961e-01
4.864999999999999880e-01
6.081999999999999629e-01
5.026000000000000467e-01
5.264999999999999680e-01
5.620000000000000551e-01
4.556999999999999940e-01
4.057999999999999940e-01
4.737999999999999989e-01
4.096000000000000196e-01
6.151999999999999691e-01
5.302000000000000046e-01
5.342999999999999972e-01
4.269000000000000017e-01
4.531000000000000028e-01
4.238000000000000100e-01
4.335999999999999854e-01
4.874999999999999889e-01
5.051999999999999824e-01
4.220999999999999752e-01
5.767999999999999794e-01
3.397999999999999909e-01
3.832999999999999741e-01
4.181000000000000272e-01
4.320999999999999841e-01
3.990000000000000213e-01
4.596999999999999975e-01
3.361999999999999988e-01
3.451000000000000179e-01
3.488999999999999879e-01
3.832999999999999741e-01
4.331999999999999740e-01
3.728000000000000203e-01
3.810000000000000053e-01
4.731000000000000205e-01
3.815999999999999948e-01
3.694999999999999951e-01
3.247999999999999776e-01
3.549999999999999822e-01
3.874000000000000221e-01
3.296999999999999931e-01
3.114000000000000101e-01
3.991000000000000103e-01
3.710999999999999854e-01
2.938999999999999946e-01
3.240000000000000102e-01
3.180999999999999939e-01
3.887999999999999790e-01
2.877000000000000113e-01
3.306000000000000050e-01
3.123000000000000220e-01
3.855000000000000093e-01
3.044999999999999929e-01
2.882000000000000117e-01
3.343999999999999750e-01
3.054999999999999938e-01
2.918999999999999928e-01
2.963000000000000078e-01
3.492999999999999994e-01
2.783999999999999808e-01
3.294000000000000261e-01
3.321000000000000063e-01
2.837000000000000077e-01
3.073000000000000176e-01
2.988999999999999990e-01
3.180000000000000049e-01
2.094999999999999918e-01
4.320999999999999841e-01
3.190000000000000058e-01
3.074000000000000066e-01
3.219000000000000195e-01
3.786999999999999811e-01
2.697999999999999843e-01
2.403000000000000136e-01
2.974999999999999867e-01
2.601999999999999869e-01
2.913999999999999924e-01
2.245000000000000051e-01
2.421000000000000096e-01
2.853999999999999870e-01
2.424000000000000044e-01
2.033000000000000085e-01
2.867999999999999994e-01
2.272000000000000131e-01
2.318000000000000060e-01
2.280000000000000082e-01
3.047000000000000264e-01
3.412000000000000033e-01
3.034000000000000030e-01
2.295000000000000095e-01
3.144000000000000128e-01
2.711000000000000076e-01
2.607999999999999763e-01
2.757000000000000006e-01
2.595000000000000084e-01
2.147000000000000020e-01
2.325000000000000122e-01
2.351999999999999924e-01
3.062000000000000277e-01
3.593000000000000083e-01
3.920000000000000151e-01
3.583999999999999964e-01
2.646999999999999909e-01
2.696999999999999953e-01
2.545000000000000040e-01
3.054999999999999938e-01
1.965999999999999970e-01
3.019999999999999907e-01
2.576999999999999846e-01
2.700000000000000178e-01
3.099000000000000088e-01
2.867000000000000104e-01
2.174999999999999989e-01
2.023999999999999966e-01
2.482999999999999929e-01
2.534000000000000141e-01
1.595000000000000029e-01
1.497999999999999887e-01
2.149999999999999967e-01
2.707999999999999852e-01
2.323000000000000065e-01
1.658000000000000029e-01
2.293000000000000038e-01
2.200999999999999901e-01
2.631000000000000005e-01
1.764999999999999902e-01
1.781999999999999973e-01
1.431999999999999940e-01
2.169999999999999984e-01
1.814000000000000057e-01
2.237000000000000099e-01
2.169999999999999984e-01
2.197999999999999954e-01
2.389000000000000012e-01
2.344999999999999862e-01
1.806000000000000105e-01
1.612000000000000099e-01
1.749999999999999889e-01
1.887000000000000066e-01
2.172999999999999932e-01
1.718999999999999972e-01
1.754000000000000004e-01
1.739999999999999880e-01
2.177999999999999936e-01
2.222000000000000086e-01
1.686999999999999889e-01
1.842999999999999916e-01
2.081999999999999962e-01
2.074999999999999900e-01
1.897000000000000075e-01
1.986999999999999877e-01
1.691999999999999893e-01
2.139000000000000068e-01
1.922000000000000097e-01
2.102999999999999869e-01
2.570999999999999952e-01
2.361999999999999933e-01
1.744999999999999885e-01
1.547000000000000042e-01
1.572999999999999954e-01
1.864000000000000101e-01
1.484000000000000041e-01
1.242999999999999938e-01
1.552000000000000046e-01
1.484000000000000041e-01
1.683999999999999941e-01
1.562000000000000055e-01
1.738000000000000100e-01
1.411000000000000032e-01
1.330999999999999961e-01
1.506000000000000116e-01
1.481000000000000094e-01
1.812000000000000000e-01
1.502999999999999892e-01
1.431999999999999940e-01
2.091000000000000081e-01
2.291999999999999871e-01
2.757999999999999896e-01
1.413999999999999979e-01
9.130000000000000615e-02
1.156999999999999973e-01
1.575999999999999901e-01
1.698999999999999955e-01
1.416000000000000036e-01
1.224999999999999978e-01
1.990999999999999992e-01
1.459000000000000019e-01
1.438000000000000111e-01
1.642000000000000126e-01
1.257999999999999952e-01
1.250000000000000000e-01
1.854999999999999982e-01
1.635999999999999954e-01
1.426000000000000045e-01
1.165999999999999953e-01
1.892999999999999960e-01
1.436999999999999944e-01
1.801999999999999991e-01
1.095000000000000001e-01
1.577000000000000068e-01
2.104999999999999927e-01
1.910000000000000031e-01
1.463000000000000134e-01
1.693999999999999950e-01
1.620999999999999941e-01
1.471000000000000085e-01
1.215999999999999998e-01
1.633000000000000007e-01
1.839000000000000079e-01
1.685000000000000109e-01
1.383999999999999952e-01
1.481000000000000094e-01
2.172999999999999932e-01
1.837999999999999912e-01
1.194999999999999951e-01
1.535999999999999865e-01
1.759000000000000008e-01
1.963000000000000023e-01
1.728999999999999981e-01
1.338999999999999913e-01
1.542000000000000037e-01
1.552999999999999936e-01
1.615000000000000047e-01
1.208000000000000046e-01
1.158000000000000002e-01
1.781999999999999973e-01
1.297999999999999987e-01
1.233000000000000068e-01
1.406000000000000028e-01
1.663999999999999924e-01
1.978000000000000036e-01
1.383000000000000063e-01
1.024000000000000049e-01
2.008999999999999952e-01
2.003000000000000058e-01
1.426000000000000045e-01
1.375000000000000111e-01
1.047000000000000014e-01
1.181999999999999995e-01
1.817999999999999894e-01
1.814999999999999947e-01
1.418999999999999984e-01
1.570000000000000007e-01
1.241000000000000020e-01
1.433000000000000107e-01
1.695000000000000118e-01
2.388000000000000123e-01
1.701999999999999902e-01
1.113999999999999990e-01
1.161999999999999977e-01
1.044999999999999957e-01
1.441999999999999948e-01
1.875999999999999890e-01
1.246000000000000024e-01
1.067000000000000032e-01
1.638999999999999901e-01
1.307999999999999996e-01
1.154000000000000026e-01
9.690000000000000002e-02
1.203999999999999931e-01
1.375000000000000111e-01
1.393000000000000071e-01
1.221000000000000002e-01
1.826000000000000123e-01
1.285999999999999921e-01
1.378999999999999948e-01
1.165999999999999953e-01
7.370000000000000162e-02
9.900000000000000466e-02
9.479999999999999538e-02
1.154000000000000026e-01
1.486999999999999988e-01
1.915999999999999925e-01
1.822999999999999898e-01
1.034999999999999948e-01
8.490000000000000324e-02
1.033000000000000029e-01
1.189999999999999947e-01
1.069999999999999979e-01
8.429999999999999993e-02
1.315000000000000058e-01
2.086000000000000076e-01
1.142999999999999988e-01
1.345999999999999974e-01
9.829999999999999849e-02
1.126000000000000056e-01
1.345999999999999974e-01
1.103999999999999981e-01
8.429999999999999993e-02
9.520000000000000684e-02
1.102999999999999953e-01
9.990000000000000269e-02
8.959999999999999909e-02
8.709999999999999687e-02
8.379999999999999949e-02
9.080000000000000571e-02
5.850000000000000339e-02
1.346999999999999864e-01
1.026999999999999996e-01
7.549999999999999767e-02
6.790000000000000202e-02
9.679999999999999716e-02
8.840000000000000635e-02
7.489999999999999436e-02
8.840000000000000635e-02
1.448000000000000120e-01
1.149000000000000021e-01
8.450000000000000566e-02
7.670000000000000429e-02
6.169999999999999790e-02
8.569999999999999840e-02
6.800000000000000488e-02
6.909999999999999476e-02
8.140000000000000013e-02
7.130000000000000226e-02
6.219999999999999835e-02
5.680000000000000326e-02
5.319999999999999729e-02
1.082999999999999935e-01
1.207000000000000017e-01
1.102999999999999953e-01
1.140999999999999931e-01
5.909999999999999976e-02
6.790000000000000202e-02
7.510000000000000009e-02
8.500000000000000611e-02
6.930000000000000049e-02
5.170000000000000290e-02
6.219999999999999835e-02
4.649999999999999967e-02
7.900000000000000078e-02
6.779999999999999916e-02
1.095000000000000001e-01
1.050999999999999990e-01
6.719999999999999585e-02
1.072000000000000036e-01
7.710000000000000187e-02
6.610000000000000597e-02
9.400000000000000022e-02
9.270000000000000462e-02
8.319999999999999618e-02
7.309999999999999831e-02
1.265999999999999903e-01
1.165999999999999953e-01
1.039999999999999952e-01
6.419999999999999318e-02
7.280000000000000360e-02
7.169999999999999984e-02
8.029999999999999638e-02
7.159999999999999698e-02
1.097999999999999948e-01
8.329999999999999905e-02
7.929999999999999549e-02
9.229999999999999316e-02
9.339999999999999691e-02
6.840000000000000246e-02
8.519999999999999796e-02
6.519999999999999407e-02
6.339999999999999802e-02
7.699999999999999900e-02
9.039999999999999425e-02
6.429999999999999605e-02
5.419999999999999818e-02
6.660000000000000642e-02
1.098999999999999977e-01
8.519999999999999796e-02
5.380000000000000060e-02
1.193000000000000033e-01
6.750000000000000444e-02
1.126999999999999946e-01
4.700000000000000011e-02
7.960000000000000409e-02
6.750000000000000444e-02
5.269999999999999685e-02
8.100000000000000255e-02
5.700000000000000205e-02
4.689999999999999725e-02
6.289999999999999758e-02
6.429999999999999605e-02
1.058999999999999941e-01
5.899999999999999689e-02
7.470000000000000251e-02
4.909999999999999781e-02
8.640000000000000457e-02
6.819999999999999674e-02
6.019999999999999657e-02
8.930000000000000437e-02
6.040000000000000230e-02
8.079999999999999682e-02
4.870000000000000023e-02
7.049999999999999323e-02
6.940000000000000335e-02
5.870000000000000218e-02
5.040000000000000036e-02
1.034000000000000058e-01
6.930000000000000049e-02
7.570000000000000340e-02
8.569999999999999840e-02
9.270000000000000462e-02
8.390000000000000235e-02
8.089999999999999969e-02
6.619999999999999496e-02
9.650000000000000244e-02
8.719999999999999973e-02
8.359999999999999376e-02
8.649999999999999356e-02
5.960000000000000020e-02
4.920000000000000068e-02
6.679999999999999827e-02
8.069999999999999396e-02
1.067000000000000032e-01
5.120000000000000245e-02
4.669999999999999846e-02
8.309999999999999332e-02
9.600000000000000200e-02
8.820000000000000062e-02
7.290000000000000646e-02
6.270000000000000573e-02
7.610000000000000098e-02
1.250999999999999890e-01
5.820000000000000173e-02
4.630000000000000088e-02
4.610000000000000209e-02
6.079999999999999988e-02
7.299999999999999545e-02
6.990000000000000380e-02
8.490000000000000324e-02
8.200000000000000344e-02
9.729999999999999760e-02
7.209999999999999742e-02
6.510000000000000508e-02
1.250000000000000000e-01
1.095000000000000001e-01
7.159999999999999698e-02
1.625000000000000056e-01
1.053999999999999937e-01
6.130000000000000032e-02
5.589999999999999830e-02
6.850000000000000533e-02
1.376999999999999891e-01
1.491999999999999993e-01
9.950000000000000511e-02
1.340999999999999970e-01
8.630000000000000171e-02
1.260000000000000009e-01
1.058000000000000052e-01
2.088000000000000134e-01
1.338000000000000023e-01
7.939999999999999836e-02
1.615000000000000047e-01
2.953000000000000069e-01
4.794999999999999818e-01
4.950000000000000233e-02
7.580000000000000626e-02
1.829000000000000070e-01
5.390000000000000346e-02
1.106000000000000039e-01
8.830000000000000349e-02
1.274000000000000132e-01
6.090000000000000274e-02
7.430000000000000493e-02
9.170000000000000373e-02
9.569999999999999341e-02
7.689999999999999614e-02
1.024999999999999939e-01
8.830000000000000349e-02
7.720000000000000473e-02
7.080000000000000182e-02
7.480000000000000537e-02
7.080000000000000182e-02
1.252999999999999947e-01
9.740000000000000047e-02
9.210000000000000131e-02
7.789999999999999702e-02
5.569999999999999951e-02
8.210000000000000631e-02
1.062000000000000027e-01
8.229999999999999816e-02
4.920000000000000068e-02
6.669999999999999540e-02
5.920000000000000262e-02
5.850000000000000339e-02
6.320000000000000617e-02
5.269999999999999685e-02
7.679999999999999327e-02
7.190000000000000557e-02
9.149999999999999800e-02
6.869999999999999718e-02
1.597999999999999976e-01
1.275000000000000022e-01
1.255999999999999894e-01
1.269000000000000128e-01
8.859999999999999820e-02
6.679999999999999827e-02
9.429999999999999494e-02
7.620000000000000384e-02
1.169000000000000039e-01
8.490000000000000324e-02
8.010000000000000453e-02
7.340000000000000691e-02
1.103999999999999981e-01
1.063000000000000056e-01
2.189000000000000112e-01
1.656999999999999862e-01
3.294000000000000261e-01
1.940000000000000058e-01
2.240999999999999936e-01
1.796999999999999986e-01
1.875000000000000000e-01
2.039999999999999869e-01
1.030999999999999972e-01
7.850000000000000033e-02
9.560000000000000442e-02
1.451000000000000068e-01
1.703000000000000069e-01
1.938000000000000000e-01
1.388999999999999957e-01
1.029000000000000054e-01
1.718999999999999972e-01
1.849999999999999978e-01
1.953999999999999904e-01
9.120000000000000329e-02
8.799999999999999489e-02
9.389999999999999736e-02
1.524999999999999967e-01
1.062000000000000027e-01
1.097000000000000058e-01
1.045999999999999985e-01
1.093999999999999972e-01
6.550000000000000266e-02
5.449999999999999983e-02
8.069999999999999396e-02
1.113999999999999990e-01
5.029999999999999749e-02
5.260000000000000092e-02
7.860000000000000320e-02
3.590000000000000135e-02
6.169999999999999790e-02
4.959999999999999826e-02
4.059999999999999720e-02
9.170000000000000373e-02
5.330000000000000016e-02
7.040000000000000424e-02
7.679999999999999327e-02
4.560000000000000164e-02
1.150999999999999940e-01
6.779999999999999916e-02
5.380000000000000060e-02
7.190000000000000557e-02
8.110000000000000542e-02
8.790000000000000591e-02
5.600000000000000117e-02
5.809999999999999887e-02
1.259000000000000119e-01
1.130000000000000032e-01
1.612000000000000099e-01
1.129000000000000004e-01
1.252999999999999947e-01
1.464000000000000024e-01
1.598999999999999866e-01
1.213999999999999940e-01
1.807999999999999885e-01
1.967000000000000137e-01
1.852000000000000035e-01
2.657999999999999807e-01
1.713999999999999968e-01
1.489999999999999936e-01
1.958000000000000018e-01
3.034999999999999920e-01
5.391000000000000236e-01
5.121999999999999886e-01
2.442000000000000004e-01
2.705000000000000182e-01
1.131000000000000061e-01
1.413000000000000089e-01
1.454000000000000015e-01
1.655000000000000082e-01
2.041999999999999926e-01
2.044999999999999873e-01
2.963000000000000078e-01
8.575000000000000400e-01
3.304600000000000204e+00
5.253999999999999782e-01
3.130000000000000004e-01
7.169999999999999707e-01
4.818000000000000060e-01
4.776000000000000245e-01
3.682000000000000273e-01
2.817999999999999949e-01
2.796000000000000152e-01
4.133999999999999897e-01
4.606000000000000094e-01
2.933999999999999941e-01
3.063000000000000167e-01
2.451000000000000123e-01
4.385000000000000009e-01
2.651999999999999913e-01
3.694000000000000061e-01
5.645000000000000018e-01
4.773000000000000020e-01
4.370999999999999885e-01
5.319000000000000394e-01
7.173000000000000487e-01
7.047999999999999821e-01
4.828999999999999959e-01
3.751999999999999780e-01
4.702999999999999958e-01
4.055000000000000271e-01
2.896000000000000241e-01
3.765000000000000013e-01
5.068000000000000282e-01
5.289000000000000368e-01
3.691999999999999726e-01
4.373000000000000220e-01
6.148000000000000131e-01
6.371999999999999886e-01
3.926999999999999935e-01
4.670000000000000262e-01
7.010999999999999455e-01
3.575999999999999734e-01
4.010000000000000231e-01
3.993999999999999773e-01
2.416000000000000092e-01
3.037000000000000255e-01
3.649999999999999911e-01
2.396999999999999964e-01
3.950000000000000178e-01
3.906999999999999917e-01
3.659999999999999920e-01
6.368000000000000327e-01
7.269999999999999796e-01
7.899000000000000465e-01
4.190999999999999726e-01
3.442999999999999949e-01
2.576999999999999846e-01
3.060999999999999832e-01
5.897999999999999909e-01
4.970999999999999863e-01
7.747000000000000552e-01
6.459000000000000297e-01
5.348000000000000531e-01
2.093000000000000138e-01
3.360000000000000209e-01
2.968999999999999972e-01
4.137000000000000122e-01
5.726999999999999869e-01
4.496999999999999886e-01
4.042000000000000037e-01
3.281000000000000028e-01
3.261999999999999900e-01
3.529999999999999805e-01
2.399999999999999911e-01
2.822000000000000064e-01
3.822999999999999732e-01
3.745999999999999885e-01
4.032000000000000028e-01
5.885000000000000231e-01
6.028000000000000025e-01
9.727000000000000091e-01
2.383100000000000218e+00
2.107099999999999973e+00
7.034000000000000252e-01
7.254000000000000448e-01
6.452999999999999847e-01
8.468999999999999861e-01
6.081999999999999629e-01
5.489000000000000545e-01
5.566999999999999726e-01
4.300999999999999823e-01
3.956000000000000072e-01
3.448999999999999844e-01
3.151999999999999802e-01
2.962000000000000188e-01
3.570999999999999730e-01
3.749000000000000110e-01
3.951000000000000068e-01
6.311999999999999833e-01
5.608999999999999542e-01
7.318000000000000060e-01
6.237000000000000322e-01
5.563000000000000167e-01
5.635999999999999899e-01
4.516999999999999904e-01
4.017000000000000015e-01
4.547999999999999821e-01
4.101000000000000201e-01
2.933999999999999941e-01
3.154000000000000137e-01
3.567000000000000171e-01
5.836000000000000076e-01
3.973999999999999755e-01
5.482000000000000206e-01
7.086000000000000076e-01
9.146999999999999575e-01
8.047999999999999599e-01
6.129000000000000004e-01
5.958999999999999853e-01
8.486000000000000210e-01
9.553000000000000380e-01
5.794000000000000261e-01
4.650000000000000244e-01
4.739999999999999769e-01
3.503000000000000003e-01
3.649000000000000021e-01
4.099999999999999756e-01
3.217999999999999750e-01
3.430000000000000271e-01
5.000000000000000000e-01
4.335999999999999854e-01
5.181000000000000050e-01
4.663999999999999813e-01
5.258000000000000451e-01
4.687000000000000055e-01
5.300000000000000266e-01
5.985000000000000320e-01
5.320000000000000284e-01
5.537999999999999590e-01
4.622999999999999887e-01
5.850999999999999535e-01
6.029999999999999805e-01
9.570999999999999508e-01
1.061800000000000077e+00
9.969000000000000083e-01
4.343000000000000194e-01
5.141000000000000014e-01
4.657999999999999918e-01
4.873000000000000109e-01
5.020999999999999908e-01
5.439000000000000501e-01
4.143999999999999906e-01
4.801000000000000267e-01
5.410000000000000364e-01
5.174999999999999600e-01
6.673000000000000043e-01
5.007000000000000339e-01
5.713000000000000300e-01
6.677999999999999492e-01
5.783000000000000362e-01
5.664000000000000146e-01
3.886999999999999900e-01
5.504999999999999893e-01
6.166000000000000369e-01
6.771000000000000352e-01
7.737000000000000544e-01
8.406000000000000139e-01
5.387999999999999456e-01
5.262000000000000011e-01
3.946000000000000063e-01
5.535999999999999810e-01
5.793000000000000371e-01
7.354000000000000536e-01
6.081999999999999629e-01
7.221999999999999531e-01
9.650999999999999579e-01
7.341999999999999638e-01
4.555000000000000160e-01
6.435999999999999499e-01
6.259000000000000119e-01
4.314999999999999947e-01
4.723999999999999866e-01
4.084999999999999742e-01
5.601000000000000423e-01
5.079000000000000181e-01
5.903000000000000469e-01
4.224999999999999867e-01
4.183999999999999941e-01
3.588999999999999968e-01
5.567999999999999616e-01
4.298000000000000154e-01
4.190999999999999726e-01
4.628999999999999782e-01
5.274999999999999689e-01
3.897999999999999798e-01
3.790999999999999925e-01
4.023999999999999799e-01
5.094999999999999529e-01
5.010999999999999899e-01
8.102000000000000313e-01
7.412999999999999590e-01
7.017999999999999794e-01
3.557000000000000162e-01
5.221999999999999975e-01
4.726000000000000201e-01
4.697999999999999954e-01
4.672999999999999932e-01
4.264999999999999902e-01
3.811999999999999833e-01
3.864000000000000212e-01
3.689999999999999947e-01
2.906000000000000250e-01
3.760000000000000009e-01
3.044000000000000039e-01
2.818999999999999839e-01
3.083000000000000185e-01
3.186999999999999833e-01
3.647000000000000242e-01
3.348999999999999755e-01
3.444999999999999729e-01
2.819999999999999729e-01
2.922000000000000153e-01
2.914999999999999813e-01
2.594000000000000195e-01
3.337999999999999856e-01
3.179000000000000159e-01
2.386999999999999955e-01
3.442000000000000060e-01
2.810000000000000275e-01
2.394999999999999907e-01
2.901000000000000245e-01
3.109999999999999987e-01
3.518999999999999906e-01
2.775000000000000244e-01
2.883000000000000007e-01
2.866000000000000214e-01
2.883000000000000007e-01
2.560000000000000053e-01
3.199000000000000177e-01
1.648000000000000020e-01
2.565000000000000058e-01
2.368000000000000105e-01
2.210999999999999910e-01
1.899000000000000132e-01
2.209000000000000130e-01
2.948999999999999955e-01
2.772999999999999909e-01
1.945000000000000062e-01
1.953999999999999904e-01
2.358999999999999986e-01
3.024000000000000021e-01
1.890999999999999903e-01
2.489000000000000101e-01
2.909999999999999809e-01
2.649000000000000243e-01
2.903999999999999915e-01
2.519000000000000128e-01
2.268999999999999906e-01
2.242000000000000104e-01
2.386000000000000065e-01
2.061000000000000054e-01
1.889000000000000123e-01
1.880999999999999894e-01
2.273999999999999910e-01
1.645999999999999963e-01
9.539999999999999869e-02
1.155999999999999944e-01
1.645999999999999963e-01
2.316000000000000003e-01
1.879000000000000115e-01
1.348999999999999921e-01
1.409999999999999865e-01
1.371999999999999886e-01
1.837999999999999912e-01
1.647000000000000131e-01
2.218999999999999861e-01
2.427999999999999881e-01
2.456000000000000127e-01
1.995999999999999996e-01
2.363999999999999990e-01
2.379000000000000004e-01
2.442999999999999894e-01
3.091999999999999749e-01
3.341999999999999971e-01
2.607999999999999763e-01
2.489000000000000101e-01
2.712999999999999856e-01
3.094999999999999973e-01
2.260999999999999954e-01
2.358000000000000096e-01
1.882999999999999952e-01
3.145000000000000018e-01
3.803000000000000269e-01
1.980000000000000093e-01
1.554999999999999993e-01
2.798999999999999821e-01
2.682999999999999829e-01
1.721000000000000030e-01
2.523000000000000242e-01
2.291999999999999871e-01
2.094999999999999918e-01
1.761999999999999955e-01
1.451999999999999957e-01
2.361000000000000043e-01
1.824999999999999956e-01
1.507999999999999896e-01
1.970000000000000084e-01
1.875999999999999890e-01
1.618999999999999884e-01
1.229999999999999982e-01
1.854999999999999982e-01
1.567999999999999949e-01
2.109000000000000041e-01
2.275999999999999968e-01
2.419000000000000039e-01
4.470000000000000084e-01
4.440000000000000058e-01
3.057000000000000273e-01
2.270999999999999963e-01
4.168000000000000038e-01
4.326999999999999735e-01
4.058999999999999830e-01
4.571999999999999953e-01
3.015999999999999792e-01
2.212999999999999967e-01
1.867999999999999938e-01
2.336000000000000021e-01
1.859000000000000097e-01
7.679999999999999327e-02
9.229999999999999316e-02
1.582000000000000073e-01
1.185999999999999971e-01
2.058000000000000107e-01
1.918999999999999873e-01
1.413000000000000089e-01
9.160000000000000087e-02
7.459999999999999964e-02
1.351999999999999869e-01
1.145999999999999935e-01
1.345999999999999974e-01
1.142999999999999988e-01
2.452999999999999903e-01
1.544000000000000095e-01
1.673999999999999932e-01
2.164999999999999980e-01
2.429000000000000048e-01
3.108000000000000207e-01
2.373999999999999999e-01
2.373999999999999999e-01
3.256999999999999895e-01
2.786000000000000143e-01
2.504000000000000115e-01
3.139000000000000123e-01
3.724000000000000088e-01
3.028000000000000136e-01
1.910999999999999921e-01
3.054999999999999938e-01
2.762999999999999901e-01
1.968999999999999917e-01
1.945999999999999952e-01
2.944999999999999840e-01
2.111000000000000099e-01
2.298999999999999932e-01
1.761999999999999955e-01
2.344999999999999862e-01
1.731999999999999929e-01
2.177000000000000046e-01
1.905000000000000027e-01
1.136000000000000065e-01
2.195000000000000007e-01
1.839999999999999969e-01
1.198000000000000037e-01
1.507000000000000006e-01
1.562000000000000055e-01
1.468000000000000138e-01
1.166999999999999982e-01
1.418999999999999984e-01
1.786999999999999977e-01
1.879000000000000115e-01
1.570000000000000007e-01
2.250999999999999945e-01
2.697999999999999843e-01
3.022000000000000242e-01
2.923000000000000043e-01
4.268000000000000127e-01
2.452000000000000013e-01
1.534000000000000086e-01
2.928000000000000047e-01
3.139000000000000123e-01
3.075999999999999845e-01
2.896000000000000241e-01
2.056999999999999940e-01
1.590999999999999914e-01
2.344999999999999862e-01
2.773999999999999799e-01
2.399999999999999911e-01
3.126999999999999780e-01
2.132999999999999896e-01
2.751000000000000112e-01
2.489999999999999991e-01
2.169999999999999984e-01
3.420000000000000262e-01
2.888000000000000012e-01
2.817000000000000060e-01
2.967000000000000193e-01
2.605999999999999983e-01
2.112999999999999878e-01
1.962000000000000133e-01
2.992000000000000215e-01
3.089000000000000079e-01
4.374000000000000110e-01
2.550000000000000044e-01
2.705000000000000182e-01
1.806000000000000105e-01
1.671999999999999875e-01
1.806000000000000105e-01
4.017000000000000015e-01
4.300999999999999823e-01
3.816999999999999837e-01
7.010999999999999455e-01
1.163200000000000012e+00
1.279099999999999904e+00
1.369699999999999918e+00
2.898000000000000020e-01
6.112999999999999545e-01
1.014799999999999924e+00
1.549800000000000066e+00
8.804999999999999494e-01
8.017999999999999572e-01
1.082300000000000040e+00
6.593999999999999861e-01
1.159100000000000019e+00
7.651000000000000023e-01
1.269800000000000040e+00
1.036899999999999933e+00
1.125199999999999978e+00
9.176999999999999602e-01
6.445999999999999508e-01
8.494000000000000439e-01
5.742000000000000437e-01
7.489999999999999991e-01
7.115000000000000213e-01
5.489000000000000545e-01
6.463999999999999746e-01
6.274999999999999467e-01
8.001000000000000334e-01
7.476000000000000423e-01
6.682000000000000162e-01
7.014000000000000234e-01
7.619000000000000217e-01
6.471000000000000085e-01
7.147999999999999909e-01
7.075000000000000178e-01
6.618000000000000549e-01
8.426000000000000156e-01
7.989000000000000545e-01
6.072999999999999510e-01
6.190999999999999837e-01
6.087000000000000188e-01
6.498000000000000442e-01
5.865000000000000213e-01
7.551999999999999824e-01
8.912999999999999812e-01
1.254599999999999937e+00
1.180500000000000105e+00
8.286000000000000032e-01
5.958999999999999853e-01
5.562000000000000277e-01
6.153999999999999471e-01
6.215000000000000524e-01
7.086000000000000076e-01
4.811000000000000276e-01
5.278000000000000469e-01
5.340000000000000302e-01
6.116000000000000325e-01
9.157999999999999474e-01
7.453999999999999515e-01
7.909000000000000474e-01
1.119599999999999929e+00
8.650999999999999801e-01
6.258000000000000229e-01
6.812000000000000277e-01
8.810000000000000053e-01
6.228000000000000203e-01
8.237999999999999767e-01
1.030499999999999972e+00
5.455999999999999739e-01
4.980999999999999872e-01
5.713000000000000300e-01
4.768000000000000016e-01
6.636999999999999567e-01
7.110999999999999543e-01
7.288999999999999924e-01
6.238000000000000211e-01
7.810000000000000275e-01
6.280000000000000027e-01
4.783000000000000029e-01
8.469999999999999751e-01
6.744999999999999885e-01
6.706999999999999629e-01
6.831000000000000405e-01
6.068000000000000060e-01
5.885000000000000231e-01
4.870999999999999774e-01
1.161100000000000021e+00
1.449200000000000044e+00
1.404800000000000049e+00
5.049000000000000155e-01
5.474999999999999867e-01
4.928000000000000158e-01
5.601000000000000423e-01
4.259000000000000008e-01
6.893000000000000238e-01
6.937999999999999723e-01
7.763999999999999790e-01
7.602999999999999758e-01
5.103999999999999648e-01
6.999999999999999556e-01
8.739999999999999991e-01
1.021600000000000064e+00
1.320300000000000029e+00
1.725800000000000001e+00
5.330000000000000293e-01
6.766999999999999682e-01
3.926000000000000045e-01
3.766999999999999793e-01
5.520000000000000462e-01
4.727000000000000091e-01
7.419000000000000039e-01
7.058999999999999719e-01
8.679000000000000048e-01
7.944999999999999840e-01
8.117999999999999661e-01
7.291999999999999593e-01
6.928999999999999604e-01
6.753000000000000114e-01
5.623000000000000220e-01
7.584999999999999520e-01
6.755999999999999783e-01
1.145299999999999985e+00
1.059099999999999930e+00
1.135499999999999954e+00
1.369599999999999929e+00
9.777000000000000135e-01
8.577000000000000179e-01
9.127999999999999448e-01
5.263999999999999790e-01
4.561999999999999944e-01
5.315999999999999615e-01
6.701000000000000290e-01
6.447000000000000508e-01
1.273800000000000043e+00
1.316599999999999993e+00
1.460299999999999931e+00
1.139899999999999913e+00
1.294599999999999973e+00
6.072999999999999510e-01
5.938999999999999835e-01
5.862000000000000544e-01
6.348000000000000309e-01
5.591000000000000414e-01
5.239000000000000323e-01
6.516999999999999460e-01
5.339000000000000412e-01
6.952000000000000401e-01
6.427000000000000490e-01
5.254999999999999671e-01
6.608000000000000540e-01
5.181999999999999940e-01
5.744000000000000217e-01
4.797000000000000153e-01
5.148000000000000353e-01
5.977999999999999980e-01
6.223999999999999533e-01
7.003000000000000336e-01
5.080999999999999961e-01
7.108999999999999764e-01
6.142999999999999572e-01
5.828999999999999737e-01
