1.625099999999999989e+00
1.617399999999999949e+00
1.860300000000000065e+00
1.894500000000000073e+00
1.934299999999999908e+00
1.982599999999999918e+00
2.003600000000000048e+00
2.034100000000000019e+00
1.981100000000000083e+00
1.880800000000000027e+00
1.950399999999999912e+00
1.882600000000000051e+00
1.955300000000000038e+00
1.909299999999999997e+00
1.914900000000000047e+00
1.978399999999999936e+00
1.933999999999999941e+00
1.921999999999999931e+00
2.103600000000000136e+00
1.897000000000000020e+00
1.827700000000000102e+00
1.861599999999999921e+00
1.901699999999999946e+00
1.718499999999999917e+00
1.763300000000000090e+00
1.779900000000000038e+00
1.704499999999999904e+00
1.641499999999999959e+00
1.648700000000000054e+00
1.702399999999999913e+00
1.712299999999999933e+00
1.750299999999999967e+00
1.652700000000000058e+00
1.629099999999999993e+00
1.541500000000000092e+00
1.743999999999999995e+00
1.602000000000000091e+00
1.487100000000000088e+00
1.616700000000000026e+00
1.552899999999999947e+00
1.470900000000000096e+00
1.659899999999999931e+00
1.561900000000000066e+00
1.587199999999999944e+00
1.526699999999999946e+00
1.518199999999999994e+00
1.474199999999999955e+00
1.545199999999999907e+00
1.497000000000000108e+00
1.477700000000000014e+00
1.516199999999999992e+00
1.485100000000000087e+00
1.505700000000000038e+00
1.486799999999999899e+00
1.600999999999999979e+00
1.611399999999999944e+00
1.649499999999999966e+00
1.510899999999999910e+00
1.532399999999999984e+00
1.471500000000000030e+00
1.454499999999999904e+00
1.310999999999999943e+00
1.374500000000000055e+00
1.390500000000000069e+00
1.286000000000000032e+00
1.395100000000000007e+00
1.401699999999999946e+00
1.364400000000000057e+00
1.289800000000000058e+00
1.393499999999999961e+00
1.463100000000000067e+00
1.473000000000000087e+00
1.370600000000000041e+00
1.254399999999999959e+00
1.235600000000000032e+00
1.393799999999999928e+00
1.224900000000000100e+00
1.199000000000000066e+00
1.214299999999999935e+00
1.206199999999999939e+00
1.159100000000000019e+00
1.152400000000000091e+00
1.192099999999999937e+00
1.297500000000000098e+00
1.300799999999999956e+00
1.127499999999999947e+00
1.126500000000000057e+00
1.281900000000000039e+00
1.218199999999999950e+00
1.223600000000000021e+00
1.333399999999999919e+00
1.227800000000000002e+00
1.271800000000000042e+00
1.229400000000000048e+00
1.020100000000000007e+00
1.141399999999999970e+00
1.132200000000000095e+00
1.164600000000000080e+00
1.317700000000000093e+00
1.022799999999999931e+00
1.025500000000000078e+00
9.936000000000000387e-01
1.051600000000000090e+00
9.832999999999999519e-01
8.668000000000000149e-01
7.428000000000000158e-01
7.879000000000000448e-01
8.757000000000000339e-01
8.196999999999999842e-01
7.815999999999999615e-01
8.689000000000000057e-01
7.174000000000000377e-01
7.238999999999999879e-01
8.457999999999999963e-01
8.631999999999999673e-01
8.556000000000000272e-01
7.237999999999999989e-01
8.337999999999999856e-01
7.943000000000000060e-01
7.405000000000000471e-01
7.183000000000000496e-01
7.993000000000000105e-01
7.320999999999999730e-01
6.901000000000000467e-01
6.922000000000000375e-01
7.500999999999999890e-01
6.985000000000000098e-01
7.614999999999999547e-01
7.187999999999999945e-01
6.713000000000000078e-01
7.302999999999999492e-01
6.514999999999999680e-01
7.433999999999999497e-01
7.237000000000000099e-01
7.318999999999999950e-01
6.654999999999999805e-01
6.774000000000000021e-01
6.618000000000000549e-01
6.405999999999999472e-01
6.085000000000000409e-01
5.827999999999999847e-01
5.334999999999999742e-01
5.792000000000000481e-01
4.949999999999999956e-01
5.704000000000000181e-01
6.239999999999999991e-01
6.269000000000000128e-01
6.061999999999999611e-01
6.451000000000000068e-01
6.271999999999999797e-01
6.028000000000000025e-01
5.802000000000000490e-01
5.825000000000000178e-01
6.347000000000000419e-01
6.571000000000000174e-01
7.126000000000000112e-01
6.684999999999999831e-01
6.251999999999999780e-01
6.019999999999999796e-01
5.964000000000000412e-01
5.845000000000000195e-01
6.469000000000000306e-01
5.112999999999999767e-01
5.868999999999999773e-01
5.293999999999999817e-01
5.413000000000000034e-01
4.766000000000000236e-01
5.618999999999999551e-01
5.424999999999999822e-01
4.845999999999999752e-01
5.557999999999999607e-01
4.713999999999999857e-01
4.627999999999999892e-01
5.674000000000000155e-01
4.946999999999999731e-01
6.202999999999999625e-01
5.746999999999999886e-01
6.052999999999999492e-01
5.464999999999999858e-01
4.905999999999999805e-01
4.975999999999999868e-01
4.893000000000000127e-01
5.560000000000000497e-01
5.004999999999999449e-01
5.152999999999999803e-01
5.207000000000000517e-01
4.928000000000000158e-01
5.308000000000000496e-01
5.570000000000000506e-01
5.241000000000000103e-01
5.107000000000000428e-01
4.998000000000000220e-01
4.481999999999999873e-01
4.010000000000000231e-01
4.335999999999999854e-01
4.328000000000000180e-01
5.053999999999999604e-01
5.344999999999999751e-01
4.258000000000000118e-01
4.606999999999999984e-01
3.978999999999999759e-01
4.111000000000000210e-01
3.502000000000000113e-01
3.780999999999999917e-01
3.805000000000000049e-01
4.714999999999999747e-01
3.902999999999999803e-01
3.592000000000000193e-01
4.064999999999999725e-01
3.544999999999999818e-01
3.820999999999999952e-01
3.441000000000000170e-01
3.401000000000000134e-01
3.302999999999999825e-01
3.669999999999999929e-01
4.193999999999999950e-01
4.455000000000000071e-01
4.827000000000000179e-01
4.223999999999999977e-01
4.087000000000000077e-01
4.243999999999999995e-01
4.411999999999999811e-01
4.339999999999999969e-01
5.197000000000000508e-01
4.336999999999999744e-01
4.485999999999999988e-01
4.773000000000000020e-01
4.036000000000000143e-01
3.986000000000000099e-01
3.947999999999999843e-01
3.961999999999999966e-01
3.827999999999999736e-01
4.037999999999999923e-01
4.630000000000000226e-01
4.606999999999999984e-01
4.781000000000000250e-01
4.078999999999999848e-01
4.491999999999999882e-01
4.808999999999999941e-01
4.585000000000000187e-01
4.454000000000000181e-01
5.133999999999999675e-01
4.617999999999999883e-01
3.679999999999999938e-01
4.333000000000000185e-01
4.304999999999999938e-01
3.840999999999999970e-01
4.213999999999999968e-01
4.506999999999999895e-01
3.617000000000000215e-01
4.375000000000000000e-01
3.746999999999999775e-01
4.613999999999999768e-01
4.184999999999999831e-01
4.041000000000000147e-01
3.573999999999999955e-01
3.892999999999999794e-01
4.379000000000000115e-01
3.849000000000000199e-01
4.393000000000000238e-01
4.379000000000000115e-01
4.424000000000000155e-01
4.365999999999999881e-01
3.963999999999999746e-01
3.736999999999999766e-01
3.912999999999999812e-01
3.679999999999999938e-01
3.703000000000000180e-01
3.558999999999999941e-01
3.663000000000000145e-01
3.210000000000000075e-01
3.850999999999999979e-01
3.044000000000000039e-01
3.015999999999999792e-01
2.916000000000000258e-01
3.249000000000000221e-01
3.028000000000000136e-01
3.734999999999999987e-01
3.590999999999999748e-01
3.657000000000000250e-01
3.820999999999999952e-01
4.300999999999999823e-01
3.800999999999999934e-01
3.367999999999999883e-01
3.123000000000000220e-01
3.290000000000000147e-01
3.381000000000000116e-01
3.690999999999999837e-01
3.800000000000000044e-01
3.421000000000000152e-01
3.173000000000000265e-01
3.427999999999999936e-01
3.602000000000000202e-01
3.602000000000000202e-01
3.604999999999999871e-01
2.918000000000000038e-01
3.161999999999999811e-01
2.958999999999999964e-01
3.256999999999999895e-01
2.975999999999999757e-01
2.814999999999999725e-01
2.705000000000000182e-01
2.457999999999999907e-01
3.062000000000000277e-01
3.276999999999999913e-01
2.467999999999999916e-01
2.571999999999999842e-01
3.210000000000000075e-01
2.746000000000000107e-01
2.872000000000000108e-01
2.983000000000000096e-01
3.100999999999999868e-01
3.133000000000000229e-01
3.420000000000000262e-01
3.477000000000000091e-01
3.600999999999999757e-01
3.694000000000000061e-01
3.358999999999999764e-01
3.694999999999999951e-01
3.543000000000000038e-01
3.508000000000000007e-01
3.512000000000000122e-01
3.069000000000000061e-01
3.437999999999999945e-01
3.938999999999999724e-01
3.920000000000000151e-01
3.304000000000000270e-01
3.189000000000000168e-01
3.457999999999999963e-01
3.425000000000000266e-01
3.333999999999999742e-01
2.787000000000000033e-01
4.421999999999999820e-01
5.164999999999999591e-01
3.503999999999999893e-01
3.503999999999999893e-01
3.654000000000000026e-01
4.321999999999999731e-01
3.558999999999999941e-01
3.684999999999999942e-01
3.554999999999999827e-01
3.907999999999999807e-01
2.975999999999999757e-01
4.194999999999999840e-01
3.524999999999999800e-01
3.628000000000000114e-01
3.351000000000000090e-01
4.319999999999999951e-01
3.497000000000000108e-01
3.941999999999999948e-01
3.645999999999999797e-01
3.835000000000000075e-01
4.037000000000000033e-01
3.960000000000000187e-01
4.808999999999999941e-01
5.283999999999999808e-01
4.345999999999999863e-01
5.078000000000000291e-01
6.173999999999999488e-01
4.395000000000000018e-01
5.584999999999999964e-01
4.580000000000000182e-01
5.054999999999999494e-01
4.704999999999999738e-01
5.705000000000000071e-01
5.705999999999999961e-01
4.546999999999999931e-01
6.666999999999999593e-01
4.707999999999999963e-01
5.625999999999999890e-01
5.783000000000000362e-01
6.159999999999999920e-01
6.753000000000000114e-01
5.759999999999999565e-01
5.053999999999999604e-01
5.385999999999999677e-01
6.532000000000000028e-01
7.195000000000000284e-01
5.358000000000000540e-01
5.578999999999999515e-01
4.682999999999999940e-01
4.712999999999999967e-01
5.786000000000000032e-01
7.215000000000000302e-01
5.446999999999999620e-01
6.207000000000000295e-01
5.963000000000000522e-01
5.735999999999999988e-01
4.742999999999999994e-01
6.841000000000000414e-01
8.474000000000000421e-01
7.760000000000000231e-01
5.984000000000000430e-01
4.845999999999999752e-01
4.950999999999999845e-01
4.784999999999999809e-01
5.453000000000000069e-01
5.808999999999999719e-01
5.456999999999999629e-01
5.515999999999999792e-01
5.872000000000000552e-01
6.770000000000000462e-01
5.375999999999999668e-01
4.902000000000000246e-01
4.645000000000000240e-01
5.174999999999999600e-01
5.804000000000000270e-01
5.889999999999999680e-01
5.234999999999999654e-01
4.658999999999999808e-01
5.778999999999999693e-01
5.155999999999999472e-01
4.512999999999999790e-01
4.670000000000000262e-01
4.539000000000000257e-01
4.238000000000000100e-01
4.394000000000000128e-01
4.793999999999999928e-01
5.415999999999999703e-01
5.135999999999999455e-01
5.076000000000000512e-01
4.174999999999999822e-01
5.278000000000000469e-01
4.703999999999999848e-01
5.086000000000000520e-01
4.758000000000000007e-01
4.173000000000000043e-01
4.934000000000000052e-01
4.400999999999999912e-01
5.776000000000000023e-01
5.330000000000000293e-01
6.280000000000000027e-01
5.916000000000000147e-01
6.656999999999999584e-01
5.453999999999999959e-01
6.387000000000000455e-01
5.542000000000000259e-01
5.713000000000000300e-01
4.577999999999999847e-01
5.586999999999999744e-01
5.645999999999999908e-01
4.802000000000000157e-01
5.142999999999999794e-01
4.516000000000000014e-01
5.132999999999999785e-01
3.605999999999999761e-01
4.254000000000000004e-01
4.561000000000000054e-01
3.892999999999999794e-01
4.336999999999999744e-01
3.902999999999999803e-01
4.269000000000000017e-01
4.697999999999999954e-01
4.027000000000000024e-01
3.986000000000000099e-01
4.522999999999999798e-01
4.618999999999999773e-01
4.169999999999999818e-01
5.353999999999999870e-01
5.056000000000000494e-01
7.291999999999999593e-01
1.202499999999999902e+00
5.175999999999999490e-01
7.249999999999999778e-01
6.582000000000000073e-01
6.777999999999999581e-01
7.687000000000000499e-01
6.813000000000000167e-01
5.937000000000000055e-01
6.570000000000000284e-01
5.948999999999999844e-01
5.209000000000000297e-01
7.338999999999999968e-01
6.141999999999999682e-01
6.801000000000000378e-01
6.824000000000000066e-01
4.889999999999999902e-01
5.009000000000000119e-01
4.086000000000000187e-01
4.642000000000000015e-01
5.049000000000000155e-01
4.651000000000000134e-01
6.508000000000000451e-01
4.520000000000000129e-01
5.790999999999999481e-01
5.181999999999999940e-01
5.067000000000000393e-01
8.941999999999999948e-01
1.160500000000000087e+00
5.232999999999999874e-01
8.952999999999999847e-01
7.657000000000000473e-01
6.260999999999999899e-01
5.131000000000000005e-01
5.524000000000000021e-01
4.724999999999999756e-01
5.908999999999999808e-01
6.705999999999999739e-01
5.793000000000000371e-01
5.988999999999999879e-01
6.423999999999999710e-01
6.850000000000000533e-01
8.165999999999999925e-01
7.522999999999999687e-01
6.945000000000000062e-01
7.130999999999999561e-01
6.344999999999999529e-01
5.746999999999999886e-01
4.087999999999999967e-01
5.845000000000000195e-01
4.132000000000000117e-01
4.214999999999999858e-01
4.462999999999999745e-01
4.102000000000000091e-01
5.187000000000000499e-01
4.526000000000000023e-01
4.670000000000000262e-01
5.533000000000000140e-01
4.979000000000000092e-01
4.868000000000000105e-01
5.816999999999999948e-01
8.063000000000000167e-01
1.005800000000000027e+00
1.009600000000000053e+00
6.908999999999999586e-01
7.542999999999999705e-01
7.441999999999999726e-01
6.300000000000000044e-01
5.792000000000000481e-01
6.105000000000000426e-01
5.012999999999999678e-01
5.151999999999999913e-01
5.360000000000000320e-01
5.106000000000000538e-01
5.497999999999999554e-01
4.275999999999999801e-01
4.161000000000000254e-01
4.872000000000000219e-01
3.942999999999999838e-01
4.081000000000000183e-01
5.091999999999999860e-01
4.138999999999999901e-01
4.465999999999999970e-01
4.172000000000000153e-01
4.007000000000000006e-01
3.487000000000000099e-01
4.124999999999999778e-01
4.546000000000000041e-01
5.397999999999999465e-01
4.554000000000000270e-01
5.451000000000000290e-01
5.555999999999999828e-01
4.450000000000000067e-01
5.574000000000000066e-01
6.058999999999999941e-01
4.339000000000000079e-01
4.825999999999999734e-01
4.804999999999999827e-01
4.390999999999999903e-01
4.814999999999999836e-01
4.641000000000000125e-01
4.425999999999999934e-01
3.774000000000000132e-01
4.017999999999999905e-01
4.163999999999999924e-01
4.224999999999999867e-01
5.119000000000000217e-01
4.025000000000000244e-01
4.763999999999999901e-01
5.332000000000000073e-01
3.729999999999999982e-01
4.527999999999999803e-01
4.647999999999999909e-01
3.647000000000000242e-01
3.978999999999999759e-01
3.847999999999999754e-01
3.689000000000000057e-01
3.407000000000000028e-01
2.917000000000000148e-01
3.089000000000000079e-01
2.630000000000000115e-01
2.785000000000000253e-01
3.446000000000000174e-01
2.696000000000000063e-01
3.225000000000000089e-01
2.626000000000000001e-01
3.111999999999999766e-01
3.052000000000000268e-01
3.210000000000000075e-01
2.963999999999999968e-01
3.116999999999999771e-01
3.079000000000000070e-01
2.750000000000000222e-01
3.990000000000000213e-01
3.025999999999999801e-01
3.184000000000000163e-01
2.934999999999999831e-01
2.974999999999999867e-01
2.391000000000000070e-01
2.841000000000000192e-01
3.266999999999999904e-01
3.270000000000000129e-01
2.888000000000000012e-01
2.879999999999999782e-01
3.180000000000000049e-01
2.844999999999999751e-01
2.928000000000000047e-01
2.773999999999999799e-01
2.691999999999999948e-01
2.054999999999999882e-01
2.686000000000000054e-01
2.822999999999999954e-01
3.017000000000000237e-01
3.034000000000000030e-01
3.235999999999999988e-01
3.131999999999999784e-01
3.205999999999999961e-01
3.370000000000000218e-01
3.449999999999999734e-01
2.686999999999999944e-01
2.876000000000000223e-01
2.998000000000000109e-01
2.934999999999999831e-01
2.844999999999999751e-01
2.919999999999999818e-01
3.160000000000000031e-01
2.831000000000000183e-01
3.911999999999999922e-01
3.615999999999999770e-01
2.998000000000000109e-01
3.064000000000000057e-01
2.944999999999999840e-01
4.025000000000000244e-01
4.203999999999999959e-01
4.694999999999999729e-01
4.349000000000000088e-01
4.793000000000000038e-01
4.507999999999999785e-01
4.167000000000000148e-01
4.107000000000000095e-01
3.791999999999999815e-01
3.588999999999999968e-01
3.874000000000000221e-01
4.107999999999999985e-01
3.437999999999999945e-01
3.230000000000000093e-01
3.684999999999999942e-01
3.351999999999999980e-01
3.020999999999999797e-01
3.129000000000000115e-01
3.161999999999999811e-01
3.333999999999999742e-01
2.636999999999999900e-01
2.765000000000000235e-01
2.399000000000000021e-01
2.884999999999999787e-01
2.832999999999999963e-01
2.819999999999999729e-01
2.943999999999999950e-01
2.288999999999999924e-01
2.710000000000000187e-01
2.487999999999999934e-01
2.766000000000000125e-01
2.740000000000000213e-01
2.660000000000000142e-01
2.310000000000000109e-01
2.881000000000000227e-01
2.351000000000000034e-01
2.597999999999999754e-01
3.159000000000000141e-01
2.728999999999999759e-01
3.569999999999999840e-01
3.225999999999999979e-01
3.008000000000000118e-01
2.846000000000000196e-01
3.048000000000000154e-01
2.510999999999999899e-01
2.810000000000000275e-01
3.327999999999999847e-01
3.004000000000000004e-01
2.760000000000000231e-01
2.514000000000000123e-01
2.546999999999999820e-01
2.396000000000000074e-01
1.950999999999999956e-01
2.698999999999999733e-01
2.386000000000000065e-01
2.528000000000000247e-01
2.489000000000000101e-01
3.104000000000000092e-01
2.456000000000000127e-01
2.636999999999999900e-01
2.096000000000000085e-01
2.167000000000000037e-01
2.013999999999999957e-01
2.240000000000000047e-01
2.409000000000000030e-01
3.003000000000000114e-01
2.195000000000000007e-01
2.721999999999999975e-01
2.039999999999999869e-01
2.197000000000000064e-01
2.016000000000000014e-01
2.041000000000000036e-01
2.449000000000000066e-01
1.824999999999999956e-01
1.819000000000000061e-01
2.963000000000000078e-01
2.823999999999999844e-01
2.597999999999999754e-01
2.031000000000000028e-01
2.538000000000000256e-01
2.705000000000000182e-01
2.864999999999999769e-01
2.336999999999999911e-01
2.752000000000000002e-01
2.891000000000000236e-01
3.022000000000000242e-01
2.384000000000000008e-01
2.409999999999999920e-01
2.640000000000000124e-01
3.029999999999999916e-01
2.866000000000000214e-01
2.240000000000000047e-01
2.112999999999999878e-01
2.843999999999999861e-01
2.600000000000000089e-01
2.396000000000000074e-01
2.147999999999999909e-01
1.915000000000000036e-01
3.317999999999999838e-01
2.545999999999999930e-01
2.538000000000000256e-01
2.586999999999999855e-01
2.660000000000000142e-01
2.811000000000000165e-01
2.777999999999999914e-01
2.079999999999999905e-01
2.086999999999999966e-01
2.305000000000000104e-01
2.539000000000000146e-01
2.295999999999999985e-01
2.651999999999999913e-01
2.888999999999999901e-01
2.676999999999999935e-01
2.152999999999999914e-01
2.399999999999999911e-01
3.014000000000000012e-01
3.040999999999999814e-01
2.398000000000000131e-01
2.612999999999999767e-01
2.713999999999999746e-01
3.176999999999999824e-01
3.050999999999999823e-01
2.451000000000000123e-01
2.280000000000000082e-01
3.569999999999999840e-01
2.604000000000000203e-01
2.636000000000000010e-01
2.679000000000000270e-01
2.503000000000000225e-01
2.255000000000000060e-01
3.528000000000000025e-01
2.606999999999999873e-01
3.839000000000000190e-01
3.735999999999999877e-01
3.437999999999999945e-01
3.952999999999999847e-01
4.323000000000000176e-01
3.232999999999999763e-01
3.161999999999999811e-01
3.926000000000000045e-01
3.608999999999999986e-01
4.104999999999999760e-01
3.187999999999999723e-01
3.934000000000000274e-01
3.799000000000000155e-01
3.695999999999999841e-01
3.508999999999999897e-01
2.731000000000000094e-01
4.450999999999999956e-01
3.262999999999999790e-01
3.181999999999999829e-01
4.344000000000000083e-01
4.302000000000000268e-01
3.267999999999999794e-01
2.632999999999999785e-01
2.999999999999999889e-01
3.202999999999999736e-01
2.994999999999999885e-01
2.477999999999999925e-01
3.523000000000000020e-01
2.416999999999999982e-01
2.813999999999999835e-01
2.076000000000000068e-01
1.988999999999999935e-01
2.862000000000000099e-01
2.878000000000000003e-01
2.707999999999999852e-01
4.270999999999999797e-01
2.878000000000000003e-01
2.187999999999999945e-01
2.760000000000000231e-01
3.387999999999999901e-01
3.270000000000000129e-01
2.938999999999999946e-01
2.684000000000000274e-01
2.763999999999999790e-01
2.506999999999999784e-01
2.381000000000000061e-01
2.338000000000000078e-01
2.174999999999999989e-01
1.948000000000000009e-01
2.330000000000000127e-01
2.157000000000000028e-01
2.104999999999999927e-01
1.857000000000000040e-01
2.781000000000000139e-01
1.865999999999999881e-01
1.900999999999999912e-01
2.056000000000000050e-01
1.758000000000000118e-01
3.264000000000000234e-01
2.701999999999999957e-01
1.960999999999999965e-01
1.585999999999999910e-01
1.769999999999999907e-01
1.834999999999999964e-01
2.096000000000000085e-01
1.723999999999999977e-01
1.728999999999999981e-01
2.670000000000000151e-01
2.562999999999999723e-01
3.674000000000000044e-01
2.934999999999999831e-01
2.579000000000000181e-01
2.790000000000000258e-01
4.268000000000000127e-01
4.056000000000000161e-01
2.469999999999999973e-01
3.200999999999999956e-01
3.222999999999999754e-01
3.962999999999999856e-01
4.084999999999999742e-01
3.679000000000000048e-01
3.151999999999999802e-01
3.302999999999999825e-01
3.570999999999999730e-01
4.309000000000000052e-01
5.800999999999999490e-01
3.533999999999999919e-01
3.408999999999999808e-01
3.180999999999999939e-01
4.334000000000000075e-01
2.671000000000000041e-01
4.023999999999999799e-01
3.739000000000000101e-01
3.909000000000000252e-01
4.464000000000000190e-01
3.689999999999999947e-01
4.250999999999999779e-01
3.237999999999999767e-01
3.230999999999999983e-01
3.691999999999999726e-01
4.319999999999999951e-01
3.995000000000000218e-01
3.355000000000000204e-01
3.478999999999999870e-01
3.704000000000000070e-01
3.483999999999999875e-01
3.871999999999999886e-01
2.985999999999999766e-01
3.897999999999999798e-01
2.982000000000000206e-01
3.506000000000000227e-01
7.024000000000000243e-01
5.697999999999999732e-01
5.694000000000000172e-01
4.914000000000000035e-01
4.137000000000000122e-01
6.392999999999999794e-01
7.260999999999999677e-01
5.058000000000000274e-01
5.252000000000000002e-01
5.376999999999999558e-01
5.565999999999999837e-01
6.270999999999999908e-01
7.570000000000000062e-01
5.492000000000000215e-01
6.089999999999999858e-01
9.943999999999999506e-01
1.471799999999999997e+00
8.075999999999999845e-01
3.936000000000000054e-01
5.141000000000000014e-01
4.368000000000000216e-01
5.080000000000000071e-01
5.084999999999999520e-01
4.747000000000000108e-01
3.936999999999999944e-01
7.379000000000000004e-01
7.309999999999999831e-01
8.477999999999999980e-01
9.296999999999999709e-01
8.897000000000000464e-01
7.825999999999999623e-01
8.206999999999999851e-01
7.316000000000000281e-01
6.336000000000000520e-01
5.588999999999999524e-01
6.768999999999999462e-01
6.554999999999999716e-01
7.066000000000000059e-01
5.901999999999999469e-01
5.171999999999999931e-01
7.195000000000000284e-01
7.016000000000000014e-01
9.115999999999999659e-01
8.275000000000000133e-01
6.357000000000000428e-01
6.803000000000000158e-01
7.268000000000000016e-01
7.825999999999999623e-01
7.115000000000000213e-01
5.304999999999999716e-01
6.010999999999999677e-01
7.079999999999999627e-01
6.546999999999999487e-01
7.884999999999999787e-01
7.740000000000000213e-01
7.496000000000000441e-01
8.338999999999999746e-01
8.802999999999999714e-01
7.879000000000000448e-01
7.813999999999999835e-01
8.952999999999999847e-01
7.442999999999999616e-01
6.762000000000000233e-01
6.938999999999999613e-01
7.247000000000000108e-01
6.477000000000000535e-01
5.778999999999999693e-01
7.993000000000000105e-01
6.411999999999999922e-01
5.804000000000000270e-01
6.744999999999999885e-01
7.158999999999999808e-01
6.260000000000000009e-01
7.361999999999999655e-01
6.808999999999999497e-01
7.103000000000000425e-01
7.972000000000000197e-01
6.694999999999999840e-01
6.215000000000000524e-01
6.633000000000000007e-01
7.118999999999999773e-01
6.385999999999999455e-01
7.469999999999999973e-01
6.739000000000000545e-01
9.004999999999999671e-01
7.593999999999999639e-01
6.612000000000000099e-01
7.518000000000000238e-01
7.954999999999999849e-01
6.306000000000000494e-01
7.048999999999999710e-01
7.039999999999999591e-01
7.026999999999999913e-01
5.936000000000000165e-01
5.752000000000000446e-01
5.518999999999999462e-01
4.867000000000000215e-01
5.111999999999999877e-01
5.039000000000000146e-01
5.953000000000000513e-01
5.359000000000000430e-01
5.155999999999999472e-01
5.598999999999999533e-01
5.743000000000000327e-01
5.997000000000000108e-01
6.412999999999999812e-01
6.615999999999999659e-01
6.766999999999999682e-01
5.987000000000000099e-01
6.024000000000000465e-01
5.359000000000000430e-01
5.242999999999999883e-01
4.566000000000000059e-01
4.148999999999999910e-01
4.037999999999999923e-01
4.660000000000000253e-01
4.830999999999999739e-01
4.186000000000000276e-01
3.800000000000000044e-01
3.260000000000000120e-01
3.519999999999999796e-01
3.435000000000000275e-01
3.146999999999999797e-01
4.425000000000000044e-01
3.634999999999999898e-01
4.539000000000000257e-01
4.379000000000000115e-01
4.106000000000000205e-01
3.691999999999999726e-01
4.561000000000000054e-01
3.887999999999999790e-01
4.182000000000000162e-01
5.142999999999999794e-01
4.909999999999999920e-01
4.723999999999999866e-01
5.262999999999999901e-01
5.279000000000000359e-01
4.568999999999999728e-01
3.723000000000000198e-01
4.870999999999999774e-01
3.926000000000000045e-01
3.674999999999999933e-01
2.726000000000000090e-01
2.335000000000000131e-01
2.472999999999999921e-01
2.238999999999999879e-01
2.346999999999999920e-01
2.409000000000000030e-01
2.803999999999999826e-01
2.867999999999999994e-01
2.265000000000000069e-01
3.402000000000000024e-01
4.345999999999999863e-01
4.193999999999999950e-01
5.304999999999999716e-01
3.890000000000000124e-01
5.158000000000000362e-01
4.299000000000000044e-01
4.825999999999999734e-01
3.708000000000000185e-01
4.586000000000000076e-01
3.948999999999999733e-01
3.766999999999999793e-01
3.612000000000000210e-01
3.725999999999999868e-01
4.203000000000000069e-01
3.578000000000000069e-01
3.696999999999999731e-01
3.125000000000000000e-01
3.589999999999999858e-01
3.377999999999999892e-01
2.607999999999999763e-01
3.232999999999999763e-01
2.954999999999999849e-01
2.454999999999999960e-01
2.626999999999999891e-01
2.444999999999999951e-01
2.884999999999999787e-01
2.545000000000000040e-01
2.684000000000000274e-01
1.923999999999999877e-01
2.091000000000000081e-01
2.121000000000000107e-01
2.291999999999999871e-01
2.116999999999999993e-01
2.242999999999999994e-01
2.907000000000000139e-01
2.995999999999999774e-01
3.408999999999999808e-01
2.839999999999999747e-01
2.482000000000000040e-01
2.913000000000000034e-01
3.048000000000000154e-01
3.151999999999999802e-01
3.086999999999999744e-01
4.899999999999999911e-01
4.434000000000000163e-01
5.076000000000000512e-01
5.682000000000000384e-01
5.433999999999999941e-01
5.510000000000000453e-01
4.036000000000000143e-01
4.188000000000000056e-01
4.062999999999999945e-01
4.018999999999999795e-01
3.900000000000000133e-01
3.652000000000000246e-01
3.584999999999999853e-01
3.201999999999999846e-01
3.469999999999999751e-01
3.608000000000000096e-01
3.321999999999999953e-01
3.150000000000000022e-01
3.174000000000000155e-01
3.146999999999999797e-01
3.683000000000000163e-01
3.613999999999999990e-01
3.775999999999999912e-01
5.384999999999999787e-01
1.091499999999999915e+00
5.241000000000000103e-01
4.351999999999999758e-01
4.131000000000000227e-01
3.855999999999999983e-01
4.688999999999999835e-01
4.340999999999999859e-01
4.537999999999999812e-01
5.624000000000000110e-01
4.622999999999999887e-01
4.112999999999999989e-01
3.301999999999999935e-01
3.345000000000000195e-01
3.871999999999999886e-01
4.969999999999999973e-01
5.173999999999999710e-01
7.389999999999999902e-01
4.193999999999999950e-01
3.410000000000000253e-01
3.322999999999999843e-01
2.616999999999999882e-01
3.889000000000000234e-01
3.860999999999999988e-01
4.200999999999999734e-01
4.746000000000000218e-01
3.937999999999999834e-01
3.907999999999999807e-01
3.882999999999999785e-01
3.906000000000000028e-01
3.689999999999999947e-01
3.682000000000000273e-01
4.124999999999999778e-01
2.948000000000000065e-01
3.924000000000000266e-01
4.053999999999999826e-01
2.781000000000000139e-01
3.896999999999999909e-01
6.155000000000000471e-01
6.680000000000000382e-01
5.414999999999999813e-01
4.381999999999999784e-01
2.649000000000000243e-01
3.045999999999999819e-01
3.729000000000000092e-01
6.097000000000000197e-01
5.372000000000000108e-01
5.140000000000000124e-01
4.867000000000000215e-01
5.223999999999999755e-01
6.840000000000000524e-01
6.695999999999999730e-01
5.575999999999999845e-01
5.104999999999999538e-01
3.921000000000000041e-01
4.878000000000000114e-01
6.526999999999999469e-01
3.910000000000000142e-01
3.260000000000000120e-01
4.302000000000000268e-01
5.591000000000000414e-01
4.023999999999999799e-01
4.203999999999999959e-01
5.102999999999999758e-01
4.376999999999999780e-01
2.927000000000000157e-01
3.825000000000000067e-01
3.140000000000000013e-01
3.965000000000000191e-01
3.200000000000000067e-01
3.301999999999999935e-01
2.778999999999999804e-01
3.086999999999999744e-01
2.988999999999999990e-01
3.549999999999999822e-01
2.685000000000000164e-01
2.300000000000000100e-01
2.695000000000000173e-01
2.854999999999999760e-01
2.523000000000000242e-01
2.048999999999999988e-01
2.353000000000000091e-01
2.033999999999999975e-01
1.983999999999999930e-01
1.985000000000000098e-01
2.331000000000000016e-01
3.047000000000000264e-01
2.742999999999999883e-01
1.968000000000000027e-01
2.964999999999999858e-01
2.331000000000000016e-01
2.268000000000000016e-01
1.973999999999999921e-01
1.764000000000000012e-01
2.361000000000000043e-01
2.841000000000000192e-01
2.907000000000000139e-01
2.267000000000000126e-01
2.459999999999999964e-01
2.655000000000000138e-01
2.280000000000000082e-01
2.399999999999999911e-01
2.409999999999999920e-01
2.058999999999999997e-01
2.975999999999999757e-01
2.497999999999999943e-01
2.484000000000000097e-01
2.364999999999999880e-01
2.591999999999999860e-01
2.034999999999999865e-01
2.826000000000000179e-01
2.346999999999999920e-01
2.431000000000000105e-01
2.621999999999999886e-01
2.771000000000000130e-01
2.530000000000000027e-01
2.321000000000000008e-01
2.048999999999999988e-01
2.746999999999999997e-01
3.063000000000000167e-01
3.156999999999999806e-01
3.573000000000000065e-01
3.071999999999999731e-01
3.966999999999999971e-01
4.007999999999999896e-01
3.829000000000000181e-01
4.975999999999999868e-01
5.183999999999999719e-01
4.879000000000000004e-01
3.880000000000000115e-01
5.586999999999999744e-01
3.678000000000000158e-01
4.409000000000000141e-01
4.164999999999999813e-01
3.912999999999999812e-01
4.732000000000000095e-01
4.532999999999999807e-01
3.629000000000000004e-01
3.128000000000000225e-01
3.003000000000000114e-01
3.207999999999999741e-01
3.224000000000000199e-01
2.903000000000000025e-01
2.454999999999999960e-01
2.023000000000000076e-01
2.260000000000000064e-01
2.770000000000000240e-01
2.970999999999999752e-01
2.056000000000000050e-01
2.953999999999999959e-01
1.557000000000000051e-01
2.199000000000000121e-01
3.003000000000000114e-01
2.285999999999999976e-01
2.980999999999999761e-01
2.142000000000000015e-01
1.905000000000000027e-01
