1.842899999999999983e+00
1.715300000000000047e+00
1.405499999999999972e+00
1.286699999999999955e+00
1.147599999999999953e+00
1.153299999999999992e+00
1.048499999999999988e+00
9.293000000000000149e-01
9.439999999999999503e-01
8.352000000000000535e-01
8.427000000000000046e-01
8.236999999999999877e-01
7.307000000000000162e-01
7.173000000000000487e-01
7.979000000000000536e-01
6.919999999999999485e-01
6.185000000000000497e-01
6.302999999999999714e-01
5.703000000000000291e-01
6.364999999999999547e-01
5.310000000000000275e-01
6.107000000000000206e-01
5.719999999999999529e-01
4.989000000000000101e-01
5.722000000000000419e-01
5.991999999999999549e-01
4.983000000000000207e-01
5.763000000000000345e-01
5.965000000000000302e-01
6.329000000000000181e-01
5.614999999999999991e-01
5.429000000000000492e-01
5.064999999999999503e-01
4.803999999999999937e-01
4.243999999999999995e-01
3.952999999999999847e-01
4.148000000000000020e-01
5.125999999999999446e-01
4.884999999999999898e-01
3.822999999999999732e-01
4.803999999999999937e-01
4.225999999999999757e-01
4.265999999999999792e-01
3.721999999999999753e-01
3.513000000000000012e-01
4.512999999999999790e-01
3.953999999999999737e-01
3.643000000000000127e-01
4.254000000000000004e-01
3.698000000000000176e-01
3.794000000000000150e-01
2.767999999999999905e-01
5.374999999999999778e-01
4.697000000000000064e-01
2.781000000000000139e-01
3.128000000000000225e-01
3.835000000000000075e-01
3.397000000000000020e-01
3.405000000000000249e-01
3.615999999999999770e-01
2.305000000000000104e-01
3.215000000000000080e-01
3.184000000000000163e-01
2.967000000000000193e-01
3.183000000000000274e-01
2.230999999999999928e-01
2.147000000000000020e-01
2.748999999999999777e-01
2.549000000000000155e-01
2.805000000000000271e-01
2.046999999999999931e-01
2.469999999999999973e-01
3.190999999999999948e-01
2.843999999999999861e-01
2.187999999999999945e-01
1.809999999999999942e-01
2.152999999999999914e-01
2.000000000000000111e-01
1.958999999999999908e-01
2.747999999999999887e-01
2.579000000000000181e-01
1.678000000000000047e-01
1.512000000000000011e-01
1.628000000000000003e-01
1.967000000000000137e-01
1.625999999999999945e-01
1.731000000000000039e-01
1.418999999999999984e-01
1.773000000000000131e-01
1.688999999999999946e-01
1.451999999999999957e-01
1.882999999999999952e-01
1.373000000000000054e-01
1.705000000000000127e-01
1.213999999999999940e-01
1.892000000000000071e-01
1.617000000000000104e-01
1.746000000000000052e-01
1.097999999999999948e-01
1.018000000000000016e-01
1.246000000000000024e-01
1.497999999999999887e-01
1.179999999999999938e-01
1.474999999999999922e-01
1.092999999999999944e-01
9.869999999999999607e-02
1.285999999999999921e-01
1.030999999999999972e-01
1.016999999999999987e-01
9.450000000000000067e-02
9.439999999999999780e-02
1.089999999999999997e-01
9.779999999999999805e-02
1.189000000000000057e-01
1.215999999999999998e-01
9.310000000000000220e-02
1.252000000000000057e-01
8.749999999999999445e-02
7.169999999999999984e-02
1.032000000000000001e-01
1.024000000000000049e-01
1.026999999999999996e-01
9.729999999999999760e-02
9.299999999999999933e-02
9.940000000000000224e-02
8.219999999999999529e-02
7.589999999999999525e-02
8.300000000000000433e-02
1.260000000000000009e-01
8.329999999999999905e-02
7.119999999999999940e-02
5.879999999999999810e-02
5.750000000000000250e-02
7.270000000000000073e-02
8.649999999999999356e-02
8.920000000000000151e-02
9.070000000000000284e-02
8.190000000000000058e-02
7.699999999999999900e-02
8.039999999999999925e-02
8.899999999999999578e-02
9.639999999999999958e-02
7.159999999999999698e-02
6.149999999999999911e-02
8.459999999999999465e-02
6.729999999999999871e-02
8.160000000000000586e-02
8.849999999999999534e-02
6.729999999999999871e-02
5.349999999999999895e-02
5.630000000000000282e-02
6.940000000000000335e-02
6.519999999999999407e-02
4.950000000000000233e-02
4.320000000000000229e-02
7.059999999999999609e-02
7.069999999999999896e-02
8.200000000000000344e-02
7.159999999999999698e-02
6.370000000000000662e-02
5.140000000000000124e-02
4.730000000000000177e-02
5.539999999999999786e-02
5.040000000000000036e-02
5.510000000000000314e-02
5.600000000000000117e-02
9.940000000000000224e-02
6.740000000000000158e-02
5.870000000000000218e-02
4.630000000000000088e-02
4.920000000000000068e-02
4.800000000000000100e-02
7.630000000000000671e-02
6.429999999999999605e-02
6.270000000000000573e-02
5.249999999999999806e-02
4.850000000000000144e-02
4.279999999999999777e-02
4.560000000000000164e-02
4.689999999999999725e-02
5.000000000000000278e-02
4.839999999999999858e-02
5.390000000000000346e-02
5.449999999999999983e-02
4.819999999999999979e-02
5.619999999999999996e-02
4.240000000000000019e-02
4.599999999999999922e-02
6.300000000000000044e-02
4.100000000000000172e-02
3.200000000000000067e-02
7.599999999999999811e-02
4.499999999999999833e-02
4.179999999999999688e-02
5.899999999999999689e-02
5.129999999999999838e-02
4.549999999999999878e-02
4.950000000000000233e-02
4.460000000000000075e-02
4.139999999999999930e-02
4.519999999999999712e-02
5.700000000000000205e-02
4.120000000000000051e-02
3.250000000000000111e-02
4.750000000000000056e-02
3.509999999999999926e-02
4.599999999999999922e-02
4.370000000000000273e-02
4.529999999999999999e-02
5.559999999999999665e-02
4.569999999999999757e-02
3.910000000000000281e-02
5.269999999999999685e-02
4.220000000000000140e-02
3.690000000000000224e-02
4.460000000000000075e-02
3.960000000000000325e-02
4.030000000000000249e-02
3.239999999999999825e-02
4.240000000000000019e-02
4.870000000000000023e-02
3.980000000000000204e-02
4.039999999999999841e-02
3.509999999999999926e-02
3.070000000000000159e-02
5.000000000000000278e-02
5.070000000000000201e-02
4.839999999999999858e-02
5.850000000000000339e-02
4.830000000000000265e-02
3.819999999999999785e-02
3.470000000000000168e-02
4.410000000000000031e-02
4.349999999999999700e-02
6.959999999999999520e-02
4.979999999999999705e-02
3.230000000000000232e-02
3.930000000000000160e-02
4.850000000000000144e-02
3.670000000000000345e-02
4.139999999999999930e-02
4.510000000000000120e-02
5.659999999999999754e-02
5.840000000000000052e-02
3.629999999999999893e-02
3.289999999999999869e-02
3.230000000000000232e-02
4.809999999999999692e-02
3.370000000000000079e-02
3.420000000000000123e-02
3.440000000000000002e-02
3.350000000000000200e-02
2.610000000000000167e-02
3.729999999999999982e-02
4.479999999999999954e-02
5.029999999999999749e-02
3.289999999999999869e-02
2.910000000000000087e-02
3.849999999999999950e-02
3.339999999999999913e-02
3.899999999999999994e-02
3.169999999999999901e-02
3.180000000000000188e-02
4.839999999999999858e-02
2.989999999999999949e-02
4.789999999999999813e-02
3.640000000000000180e-02
3.230000000000000232e-02
3.910000000000000281e-02
2.610000000000000167e-02
2.790000000000000119e-02
2.610000000000000167e-02
3.070000000000000159e-02
3.429999999999999716e-02
3.729999999999999982e-02
2.850000000000000103e-02
3.160000000000000309e-02
4.059999999999999720e-02
3.919999999999999873e-02
2.829999999999999877e-02
3.070000000000000159e-02
3.849999999999999950e-02
3.440000000000000002e-02
2.850000000000000103e-02
2.419999999999999929e-02
4.809999999999999692e-02
4.150000000000000216e-02
3.420000000000000123e-02
2.759999999999999953e-02
3.330000000000000321e-02
3.599999999999999728e-02
3.440000000000000002e-02
2.719999999999999848e-02
3.470000000000000168e-02
2.939999999999999905e-02
6.560000000000000553e-02
5.580000000000000238e-02
4.000000000000000083e-02
2.390000000000000110e-02
2.309999999999999901e-02
2.350000000000000006e-02
3.780000000000000027e-02
3.230000000000000232e-02
2.750000000000000014e-02
3.549999999999999684e-02
3.590000000000000135e-02
4.299999999999999656e-02
3.200000000000000067e-02
2.819999999999999937e-02
2.149999999999999828e-02
1.980000000000000163e-02
2.230000000000000038e-02
3.529999999999999805e-02
2.999999999999999889e-02
3.490000000000000047e-02
3.810000000000000192e-02
2.920000000000000026e-02
7.320000000000000118e-02
3.740000000000000269e-02
2.809999999999999998e-02
1.949999999999999997e-02
2.390000000000000110e-02
2.009999999999999981e-02
2.319999999999999840e-02
4.080000000000000293e-02
2.939999999999999905e-02
1.980000000000000163e-02
1.710000000000000062e-02
3.339999999999999913e-02
3.180000000000000188e-02
2.179999999999999993e-02
2.659999999999999865e-02
2.210000000000000159e-02
2.160000000000000114e-02
3.080000000000000099e-02
5.659999999999999754e-02
2.380000000000000171e-02
3.500000000000000333e-02
1.810000000000000150e-02
2.380000000000000171e-02
2.589999999999999941e-02
1.590000000000000094e-02
2.779999999999999832e-02
2.599999999999999881e-02
1.779999999999999985e-02
1.460000000000000013e-02
3.099999999999999978e-02
2.199999999999999872e-02
2.800000000000000058e-02
1.729999999999999941e-02
2.000000000000000042e-02
1.280000000000000061e-02
1.770000000000000046e-02
1.299999999999999940e-02
1.679999999999999896e-02
1.839999999999999969e-02
2.249999999999999917e-02
3.169999999999999901e-02
1.750000000000000167e-02
1.519999999999999997e-02
1.340000000000000045e-02
1.439999999999999961e-02
1.739999999999999880e-02
1.770000000000000046e-02
2.610000000000000167e-02
1.919999999999999832e-02
2.019999999999999921e-02
2.529999999999999957e-02
2.259999999999999856e-02
2.249999999999999917e-02
2.630000000000000046e-02
1.789999999999999925e-02
1.600000000000000033e-02
1.930000000000000118e-02
1.969999999999999876e-02
2.960000000000000131e-02
1.969999999999999876e-02
2.819999999999999937e-02
2.120000000000000009e-02
2.829999999999999877e-02
1.739999999999999880e-02
1.990000000000000102e-02
1.679999999999999896e-02
2.160000000000000114e-02
1.590000000000000094e-02
2.139999999999999888e-02
2.110000000000000070e-02
1.469999999999999953e-02
2.740000000000000074e-02
2.350000000000000006e-02
2.179999999999999993e-02
2.730000000000000135e-02
1.760000000000000106e-02
3.500000000000000333e-02
1.899999999999999953e-02
2.939999999999999905e-02
1.930000000000000118e-02
2.009999999999999981e-02
2.409999999999999989e-02
1.569999999999999868e-02
2.060000000000000026e-02
2.759999999999999953e-02
2.309999999999999901e-02
1.909999999999999892e-02
1.669999999999999957e-02
2.210000000000000159e-02
2.060000000000000026e-02
3.020000000000000115e-02
1.480000000000000066e-02
2.369999999999999885e-02
2.709999999999999909e-02
1.830000000000000029e-02
1.969999999999999876e-02
1.870000000000000134e-02
1.919999999999999832e-02
2.809999999999999998e-02
4.270000000000000184e-02
2.690000000000000030e-02
1.159999999999999920e-02
1.980000000000000163e-02
3.420000000000000123e-02
5.559999999999999665e-02
1.030000000000000013e-02
2.309999999999999901e-02
1.830000000000000029e-02
2.100000000000000130e-02
1.650000000000000078e-02
2.000000000000000042e-02
1.689999999999999836e-02
1.480000000000000066e-02
1.200000000000000025e-02
2.330000000000000127e-02
2.460000000000000034e-02
1.660000000000000017e-02
3.090000000000000038e-02
5.179999999999999882e-02
5.530000000000000193e-02
2.980000000000000010e-02
3.599999999999999728e-02
2.639999999999999986e-02
3.309999999999999748e-02
7.900000000000000772e-03
1.760000000000000106e-02
1.359999999999999924e-02
2.639999999999999986e-02
3.590000000000000135e-02
1.629999999999999852e-02
2.929999999999999966e-02
3.039999999999999994e-02
1.750000000000000167e-02
5.120000000000000245e-02
3.860000000000000236e-02
2.199999999999999872e-02
2.630000000000000046e-02
3.880000000000000115e-02
5.659999999999999754e-02
2.149999999999999828e-02
5.949999999999999734e-02
1.260000000000000009e-01
1.000000000000000021e-02
2.230000000000000038e-02
2.510000000000000078e-02
1.140000000000000041e-02
1.510000000000000057e-02
3.259999999999999704e-02
4.399999999999999745e-02
6.710000000000000686e-02
1.067000000000000032e-01
1.421000000000000041e-01
2.060000000000000026e-02
3.760000000000000148e-02
1.540000000000000049e-02
1.190000000000000085e-02
1.580000000000000154e-02
2.560000000000000123e-02
1.849999999999999908e-02
2.290000000000000022e-02
3.009999999999999828e-02
8.129999999999999727e-02
1.033000000000000029e-01
1.635000000000000064e-01
3.549999999999999684e-02
1.209999999999999964e-02
9.289999999999999647e-02
3.200000000000000067e-02
5.079999999999999793e-02
5.800000000000000294e-02
2.199999999999999872e-02
7.989999999999999880e-02
6.219999999999999835e-02
2.079999999999999905e-02
4.839999999999999858e-02
5.439999999999999697e-02
2.809999999999999998e-02
4.030000000000000249e-02
6.909999999999999476e-02
1.307999999999999996e-01
1.938999999999999890e-01
3.230000000000000232e-02
7.449999999999999678e-02
6.270000000000000573e-02
5.779999999999999721e-02
1.013000000000000012e-01
1.222000000000000031e-01
1.010999999999999954e-01
5.355999999999999650e-01
6.604199999999999626e+00
5.109000000000000208e-01
2.028000000000000080e-01
1.335999999999999965e-01
2.129000000000000059e-01
1.029000000000000054e-01
9.750000000000000333e-02
1.040999999999999981e-01
9.959999999999999409e-02
6.539999999999999980e-02
1.019999999999999934e-01
9.360000000000000264e-02
1.416999999999999926e-01
8.279999999999999860e-02
1.082999999999999935e-01
1.287999999999999978e-01
1.589000000000000135e-01
1.096000000000000030e-01
1.393999999999999961e-01
1.073000000000000065e-01
1.074999999999999983e-01
1.303999999999999881e-01
1.696000000000000008e-01
1.456000000000000072e-01
7.539999999999999480e-02
9.099999999999999756e-02
7.969999999999999307e-02
8.060000000000000497e-02
1.221000000000000002e-01
1.438000000000000111e-01
9.210000000000000131e-02
1.173000000000000015e-01
1.091000000000000025e-01
7.950000000000000122e-02
6.890000000000000291e-02
8.309999999999999332e-02
1.093999999999999972e-01
7.249999999999999500e-02
8.749999999999999445e-02
7.739999999999999658e-02
7.610000000000000098e-02
1.633999999999999897e-01
1.381000000000000005e-01
1.108999999999999986e-01
8.930000000000000437e-02
1.199999999999999956e-01
9.529999999999999583e-02
1.990000000000000102e-01
1.011999999999999983e-01
1.532000000000000028e-01
9.130000000000000615e-02
7.290000000000000646e-02
9.959999999999999409e-02
1.110000000000000014e-01
9.110000000000000042e-02
9.800000000000000377e-02
1.396999999999999909e-01
1.557999999999999940e-01
7.530000000000000582e-02
7.299999999999999545e-02
7.939999999999999836e-02
8.229999999999999816e-02
1.010999999999999954e-01
1.146999999999999964e-01
7.009999999999999565e-02
1.102999999999999953e-01
7.249999999999999500e-02
1.650000000000000078e-01
2.030000000000000138e-01
2.594000000000000195e-01
3.919999999999999873e-02
2.088000000000000134e-01
2.576999999999999846e-01
4.089999999999999886e-02
8.550000000000000655e-02
6.690000000000000113e-02
6.389999999999999847e-02
6.969999999999999807e-02
1.184000000000000052e-01
1.219999999999999973e-01
9.669999999999999429e-02
1.313999999999999890e-01
1.463000000000000134e-01
6.769999999999999629e-02
1.322000000000000119e-01
1.302000000000000102e-01
1.168000000000000010e-01
1.010999999999999954e-01
8.350000000000000477e-02
1.345999999999999974e-01
1.079999999999999988e-01
1.053999999999999937e-01
1.173000000000000015e-01
1.869999999999999996e-01
8.089999999999999969e-02
8.619999999999999885e-02
8.680000000000000215e-02
1.091000000000000025e-01
8.719999999999999973e-02
1.037000000000000005e-01
1.584000000000000130e-01
2.781000000000000139e-01
8.303000000000000380e-01
3.719999999999999973e-01
1.236000000000000015e-01
2.477000000000000035e-01
4.499999999999999833e-02
1.466000000000000081e-01
4.929999999999999660e-02
5.319999999999999729e-02
1.170999999999999958e-01
1.121000000000000052e-01
8.160000000000000586e-02
1.038000000000000034e-01
1.345999999999999974e-01
7.589999999999999525e-02
7.119999999999999940e-02
1.361999999999999877e-01
1.053000000000000047e-01
5.510000000000000314e-02
6.829999999999999960e-02
7.660000000000000142e-02
7.290000000000000646e-02
1.062000000000000027e-01
8.160000000000000586e-02
1.365000000000000102e-01
1.360999999999999988e-01
1.474000000000000032e-01
7.270000000000000073e-02
1.280000000000000027e-01
1.313000000000000000e-01
5.319999999999999729e-02
1.174999999999999933e-01
6.660000000000000642e-02
5.890000000000000097e-02
8.359999999999999376e-02
6.969999999999999807e-02
8.540000000000000369e-02
7.199999999999999456e-02
1.228000000000000064e-01
6.710000000000000686e-02
8.730000000000000260e-02
1.545999999999999874e-01
2.560000000000000053e-01
3.035999999999999810e-01
3.849999999999999950e-02
6.320000000000000617e-02
7.630000000000000671e-02
6.729999999999999871e-02
3.009999999999999828e-02
6.339999999999999802e-02
4.599999999999999922e-02
5.940000000000000141e-02
6.389999999999999847e-02
6.959999999999999520e-02
9.500000000000000111e-02
1.095000000000000001e-01
9.470000000000000639e-02
9.529999999999999583e-02
9.410000000000000309e-02
8.770000000000000018e-02
8.369999999999999662e-02
7.599999999999999811e-02
7.699999999999999900e-02
1.343000000000000027e-01
1.817000000000000004e-01
2.446000000000000119e-01
4.290000000000000063e-02
1.756000000000000061e-01
1.033000000000000029e-01
1.033000000000000029e-01
2.210000000000000159e-02
1.434999999999999887e-01
4.719999999999999890e-02
1.269000000000000128e-01
4.569999999999999757e-02
1.244999999999999996e-01
1.174000000000000044e-01
3.509999999999999926e-02
7.389999999999999347e-02
7.190000000000000557e-02
6.260000000000000286e-02
4.669999999999999846e-02
6.400000000000000133e-02
6.930000000000000049e-02
3.429999999999999716e-02
4.880000000000000310e-02
9.439999999999999780e-02
1.058999999999999941e-01
7.309999999999999831e-02
4.730000000000000177e-02
3.649999999999999772e-02
3.230000000000000232e-02
3.039999999999999994e-02
3.520000000000000212e-02
6.060000000000000109e-02
6.959999999999999520e-02
5.970000000000000306e-02
4.649999999999999967e-02
9.589999999999999913e-02
7.539999999999999480e-02
5.249999999999999806e-02
4.019999999999999962e-02
4.299999999999999656e-02
8.490000000000000324e-02
5.999999999999999778e-02
4.610000000000000209e-02
8.690000000000000502e-02
5.419999999999999818e-02
4.549999999999999878e-02
5.670000000000000040e-02
6.850000000000000533e-02
7.729999999999999372e-02
5.360000000000000181e-02
4.809999999999999692e-02
7.359999999999999876e-02
5.460000000000000270e-02
2.390000000000000110e-02
4.970000000000000112e-02
9.900000000000000466e-02
7.870000000000000606e-02
5.449999999999999983e-02
3.989999999999999797e-02
5.140000000000000124e-02
5.410000000000000225e-02
5.870000000000000218e-02
1.043000000000000038e-01
8.409999999999999420e-02
3.640000000000000180e-02
4.039999999999999841e-02
3.470000000000000168e-02
4.189999999999999974e-02
2.400000000000000050e-02
2.779999999999999832e-02
5.449999999999999983e-02
4.959999999999999826e-02
6.669999999999999540e-02
5.399999999999999939e-02
3.919999999999999873e-02
5.779999999999999721e-02
5.059999999999999915e-02
5.449999999999999983e-02
6.210000000000000242e-02
7.380000000000000449e-02
5.360000000000000181e-02
3.490000000000000047e-02
7.059999999999999609e-02
7.960000000000000409e-02
7.749999999999999944e-02
5.269999999999999685e-02
3.409999999999999837e-02
4.830000000000000265e-02
4.299999999999999656e-02
9.890000000000000180e-02
1.131000000000000061e-01
9.679999999999999716e-02
2.120000000000000009e-02
3.930000000000000160e-02
4.089999999999999886e-02
3.150000000000000022e-02
2.769999999999999893e-02
2.280000000000000082e-02
3.989999999999999797e-02
4.109999999999999765e-02
5.240000000000000213e-02
7.389999999999999347e-02
3.610000000000000014e-02
2.060000000000000026e-02
2.259999999999999856e-02
4.800000000000000100e-02
3.910000000000000281e-02
5.399999999999999939e-02
3.520000000000000212e-02
6.060000000000000109e-02
3.590000000000000135e-02
4.370000000000000273e-02
5.650000000000000161e-02
4.730000000000000177e-02
3.490000000000000047e-02
1.250000000000000069e-02
1.310000000000000053e-02
2.299999999999999961e-02
2.670000000000000151e-02
2.999999999999999889e-02
3.130000000000000143e-02
6.819999999999999674e-02
5.020000000000000157e-02
3.590000000000000135e-02
1.619999999999999912e-02
6.289999999999999758e-02
4.619999999999999801e-02
5.240000000000000213e-02
7.209999999999999742e-02
4.449999999999999789e-02
2.939999999999999905e-02
3.950000000000000039e-02
4.920000000000000068e-02
5.999999999999999778e-02
1.203999999999999931e-01
1.184999999999999942e-01
2.114999999999999936e-01
1.389999999999999916e-02
1.127999999999999975e-01
2.280000000000000082e-02
1.028000000000000025e-01
8.399999999999999481e-03
2.469999999999999973e-02
7.290000000000000646e-02
3.729999999999999982e-02
3.230000000000000232e-02
2.929999999999999966e-02
5.739999999999999963e-02
2.450000000000000094e-02
4.150000000000000216e-02
9.600000000000000200e-02
6.239999999999999714e-02
8.680000000000000215e-02
3.719999999999999696e-02
4.290000000000000063e-02
5.600000000000000117e-02
4.599999999999999922e-02
4.320000000000000229e-02
5.510000000000000314e-02
3.030000000000000054e-02
3.679999999999999938e-02
2.390000000000000110e-02
2.850000000000000103e-02
4.510000000000000120e-02
5.179999999999999882e-02
3.590000000000000135e-02
4.309999999999999942e-02
4.780000000000000221e-02
4.000000000000000083e-02
1.969999999999999876e-02
3.919999999999999873e-02
4.340000000000000108e-02
3.059999999999999873e-02
4.700000000000000011e-02
5.000000000000000278e-02
4.490000000000000241e-02
3.830000000000000071e-02
1.095000000000000001e-01
7.639999999999999569e-02
4.700000000000000011e-02
6.990000000000000380e-02
7.820000000000000562e-02
6.279999999999999472e-02
2.980000000000000010e-02
2.529999999999999957e-02
4.830000000000000265e-02
2.560000000000000123e-02
3.080000000000000099e-02
3.719999999999999696e-02
4.909999999999999781e-02
5.260000000000000092e-02
7.689999999999999614e-02
3.219999999999999946e-02
5.600000000000000117e-02
1.234999999999999987e-01
7.249999999999999500e-02
5.659999999999999754e-02
4.220000000000000140e-02
3.509999999999999926e-02
2.539999999999999897e-02
3.269999999999999990e-02
4.989999999999999991e-02
9.539999999999999869e-02
4.320000000000000229e-02
4.340000000000000108e-02
7.119999999999999940e-02
5.909999999999999976e-02
5.070000000000000201e-02
4.750000000000000056e-02
4.560000000000000164e-02
2.699999999999999969e-02
3.429999999999999716e-02
4.030000000000000249e-02
3.690000000000000224e-02
3.400000000000000244e-02
8.369999999999999662e-02
4.669999999999999846e-02
4.839999999999999858e-02
2.469999999999999973e-02
1.949999999999999997e-02
1.529999999999999936e-02
2.129999999999999949e-02
1.810000000000000150e-02
4.340000000000000108e-02
3.479999999999999760e-02
4.610000000000000209e-02
4.299999999999999656e-02
7.960000000000000409e-02
4.179999999999999688e-02
6.450000000000000178e-02
9.619999999999999385e-02
8.089999999999999969e-02
4.760000000000000342e-02
6.629999999999999782e-02
3.280000000000000276e-02
4.900000000000000189e-02
5.480000000000000149e-02
5.829999999999999766e-02
6.219999999999999835e-02
8.039999999999999925e-02
7.920000000000000651e-02
4.200000000000000261e-02
2.309999999999999901e-02
3.910000000000000281e-02
4.299999999999999656e-02
4.479999999999999954e-02
2.469999999999999973e-02
4.000000000000000083e-02
6.759999999999999343e-02
1.013000000000000012e-01
9.909999999999999365e-02
1.859999999999999848e-02
5.979999999999999899e-02
1.870000000000000134e-02
3.889999999999999708e-02
5.170000000000000290e-02
4.299999999999999656e-02
4.870000000000000023e-02
6.010000000000000064e-02
8.419999999999999707e-02
8.319999999999999618e-02
5.569999999999999951e-02
1.239999999999999991e-01
4.139999999999999930e-02
1.039000000000000062e-01
9.009999999999999953e-02
6.289999999999999758e-02
5.619999999999999996e-02
1.479000000000000037e-01
2.908000000000000029e-01
4.540000000000000285e-02
7.889999999999999791e-02
2.170000000000000054e-02
5.070000000000000201e-02
2.139999999999999888e-02
2.390000000000000110e-02
3.030000000000000054e-02
3.579999999999999849e-02
4.130000000000000338e-02
3.379999999999999671e-02
8.890000000000000679e-02
9.260000000000000175e-02
1.323000000000000009e-01
1.358000000000000040e-01
1.228000000000000064e-01
9.080000000000000571e-02
6.419999999999999318e-02
2.860000000000000042e-02
7.779999999999999416e-02
2.460000000000000034e-02
2.230000000000000038e-02
3.400000000000000244e-02
5.090000000000000080e-02
5.859999999999999931e-02
5.539999999999999786e-02
7.649999999999999856e-02
4.580000000000000043e-02
3.670000000000000345e-02
7.069999999999999896e-02
4.760000000000000342e-02
4.769999999999999934e-02
6.919999999999999762e-02
4.120000000000000051e-02
7.920000000000000651e-02
3.839999999999999664e-02
8.219999999999999529e-02
3.450000000000000289e-02
2.610000000000000167e-02
2.440000000000000155e-02
3.059999999999999873e-02
9.979999999999999982e-02
7.409999999999999920e-02
3.950000000000000039e-02
3.379999999999999671e-02
4.560000000000000164e-02
3.450000000000000289e-02
2.239999999999999977e-02
6.679999999999999827e-02
6.710000000000000686e-02
3.509999999999999926e-02
7.799999999999999989e-02
4.059999999999999720e-02
3.579999999999999849e-02
1.033000000000000029e-01
1.044999999999999957e-01
1.489000000000000046e-01
9.370000000000000551e-02
2.460000000000000034e-02
7.660000000000000142e-02
5.720000000000000084e-02
6.950000000000000622e-02
1.082000000000000045e-01
7.290000000000000646e-02
7.969999999999999307e-02
6.029999999999999943e-02
6.090000000000000274e-02
1.193000000000000033e-01
7.689999999999999614e-02
9.470000000000000639e-02
1.504999999999999949e-01
1.577999999999999958e-01
1.234999999999999987e-01
5.909999999999999976e-02
7.019999999999999851e-02
4.610000000000000209e-02
4.420000000000000318e-02
2.829999999999999877e-02
1.810000000000000150e-02
2.670000000000000151e-02
6.510000000000000508e-02
4.279999999999999777e-02
2.319999999999999840e-02
4.290000000000000063e-02
2.309999999999999901e-02
2.680000000000000090e-02
4.859999999999999737e-02
3.090000000000000038e-02
7.009999999999999565e-02
6.769999999999999629e-02
4.979999999999999705e-02
4.850000000000000144e-02
8.490000000000000324e-02
1.053000000000000047e-01
2.001000000000000001e-01
2.601999999999999869e-01
2.634000000000000230e-01
2.419999999999999929e-02
6.140000000000000319e-02
1.000000000000000056e-01
1.107000000000000067e-01
1.355000000000000093e-01
1.476999999999999980e-01
1.860999999999999877e-01
2.936000000000000276e-01
2.045900000000000052e+00
4.941200000000000259e+00
2.851999999999999869e+00
6.532999999999999918e-01
3.734999999999999987e-01
2.758300000000000196e+00
1.314799999999999969e+00
9.274000000000000021e-01
1.168400000000000105e+00
5.760999999999999455e-01
3.901000000000000023e-01
2.210999999999999910e-01
1.701000000000000012e-01
7.710000000000000187e-02
1.559999999999999998e-01
1.053000000000000047e-01
9.690000000000000002e-02
1.414999999999999869e-01
1.187000000000000000e-01
1.044999999999999957e-01
1.333999999999999908e-01
1.307000000000000106e-01
1.188000000000000028e-01
1.519999999999999962e-01
1.633999999999999897e-01
1.990999999999999992e-01
2.538000000000000256e-01
2.131000000000000116e-01
2.127000000000000002e-01
1.792999999999999872e-01
2.238999999999999879e-01
5.137000000000000455e-01
8.741999999999999771e-01
1.844400000000000039e+00
3.010999999999999788e-01
5.667999999999999705e-01
5.092999999999999750e-01
2.293999999999999928e-01
5.605999999999999872e-01
4.092999999999999972e-01
4.045000000000000262e-01
4.858999999999999986e-01
3.423999999999999821e-01
3.953999999999999737e-01
4.022000000000000020e-01
4.187000000000000166e-01
2.712999999999999856e-01
2.992000000000000215e-01
3.521000000000000241e-01
4.326999999999999735e-01
3.936999999999999944e-01
5.202999999999999847e-01
5.816000000000000059e-01
7.459999999999999964e-01
6.963000000000000300e-01
5.594999999999999973e-01
1.726999999999999924e-01
3.632000000000000228e-01
3.161999999999999811e-01
2.540000000000000036e-01
3.276999999999999913e-01
4.504000000000000226e-01
5.134999999999999565e-01
4.013999999999999790e-01
4.089999999999999747e-01
3.487000000000000099e-01
3.292999999999999816e-01
2.482000000000000040e-01
1.617000000000000104e-01
2.391000000000000070e-01
2.644000000000000239e-01
2.530999999999999917e-01
3.034999999999999920e-01
3.396000000000000130e-01
3.210000000000000075e-01
2.627999999999999781e-01
1.953000000000000014e-01
2.964999999999999858e-01
4.124999999999999778e-01
5.051999999999999824e-01
7.591999999999999860e-01
1.729999999999999871e-01
2.197999999999999954e-01
1.323999999999999899e-01
1.395000000000000129e-01
2.386999999999999955e-01
2.590999999999999970e-01
4.224999999999999867e-01
4.843999999999999972e-01
6.840000000000000524e-01
1.648500000000000076e+00
8.842999999999999750e-01
4.499000000000000221e-01
1.698999999999999955e-01
2.765000000000000235e-01
3.392999999999999905e-01
4.675000000000000266e-01
4.403000000000000247e-01
7.138999999999999790e-01
3.583000000000000074e-01
3.279000000000000248e-01
5.178000000000000380e-01
4.250999999999999779e-01
4.060000000000000275e-01
2.985999999999999766e-01
1.859000000000000097e-01
1.637000000000000122e-01
1.860999999999999877e-01
2.431000000000000105e-01
2.520000000000000018e-01
2.894999999999999796e-01
2.245999999999999941e-01
1.930999999999999939e-01
1.960000000000000075e-01
2.667999999999999816e-01
2.419000000000000039e-01
2.530000000000000027e-01
2.501999999999999780e-01
2.351000000000000034e-01
2.817999999999999949e-01
3.402000000000000024e-01
3.766999999999999793e-01
3.113000000000000211e-01
3.206999999999999851e-01
3.120999999999999885e-01
2.242000000000000104e-01
2.218999999999999861e-01
2.028000000000000080e-01
1.754000000000000004e-01
2.195999999999999897e-01
2.263999999999999901e-01
2.033000000000000085e-01
1.557999999999999940e-01
2.043999999999999984e-01
1.860999999999999877e-01
2.722999999999999865e-01
2.111000000000000099e-01
2.182000000000000051e-01
2.389999999999999902e-01
1.862999999999999934e-01
1.938000000000000000e-01
1.680000000000000104e-01
2.436000000000000110e-01
1.943000000000000005e-01
1.852999999999999925e-01
2.131000000000000116e-01
2.116000000000000103e-01
2.197999999999999954e-01
1.807999999999999885e-01
1.696000000000000008e-01
2.149000000000000077e-01
1.163000000000000006e-01
1.302999999999999992e-01
1.890999999999999903e-01
1.355999999999999983e-01
1.587000000000000077e-01
1.907999999999999974e-01
2.104999999999999927e-01
3.030999999999999805e-01
1.632000000000000117e-01
2.810000000000000275e-01
3.537000000000000144e-01
4.074999999999999734e-01
4.608999999999999764e-01
5.215999999999999526e-01
1.613999999999999879e-01
7.520000000000000295e-02
7.829999999999999460e-02
1.008000000000000007e-01
1.026999999999999996e-01
1.059999999999999970e-01
9.950000000000000511e-02
1.922999999999999987e-01
1.486000000000000099e-01
1.985000000000000098e-01
1.577999999999999958e-01
1.957000000000000128e-01
3.096999999999999753e-01
4.244999999999999885e-01
2.980999999999999761e-01
1.361999999999999877e-01
2.963000000000000078e-01
2.008000000000000063e-01
1.688999999999999946e-01
3.174000000000000155e-01
2.326999999999999902e-01
2.336000000000000021e-01
3.842999999999999750e-01
4.400999999999999912e-01
5.449999999999999983e-02
8.830000000000000349e-02
6.750000000000000444e-02
1.134000000000000008e-01
7.159999999999999698e-02
7.610000000000000098e-02
1.248999999999999971e-01
1.342000000000000137e-01
1.532999999999999918e-01
2.147000000000000020e-01
1.625000000000000056e-01
1.633000000000000007e-01
2.255999999999999950e-01
1.173000000000000015e-01
1.564000000000000112e-01
2.212999999999999967e-01
2.882000000000000117e-01
