1.937400000000000011e+00
1.310999999999999943e+00
7.969000000000000528e-01
6.572000000000000064e-01
4.773999999999999910e-01
3.271999999999999909e-01
3.170000000000000040e-01
2.707999999999999852e-01
2.407999999999999863e-01
2.298999999999999932e-01
1.937000000000000111e-01
1.890000000000000013e-01
1.764999999999999902e-01
1.653000000000000025e-01
1.658999999999999919e-01
1.638999999999999901e-01
1.421000000000000041e-01
1.638000000000000012e-01
1.841000000000000136e-01
1.678000000000000047e-01
1.688000000000000056e-01
1.557000000000000051e-01
1.743000000000000105e-01
1.246000000000000024e-01
1.254000000000000115e-01
1.393999999999999961e-01
1.340000000000000080e-01
1.194000000000000061e-01
1.323999999999999899e-01
1.093999999999999972e-01
1.116000000000000048e-01
1.067000000000000032e-01
9.610000000000000486e-02
1.044999999999999957e-01
1.247999999999999943e-01
1.004000000000000031e-01
9.769999999999999518e-02
1.042000000000000010e-01
9.020000000000000240e-02
8.859999999999999820e-02
1.039999999999999952e-01
9.569999999999999341e-02
9.110000000000000042e-02
9.639999999999999958e-02
1.250999999999999890e-01
8.719999999999999973e-02
8.290000000000000147e-02
9.260000000000000175e-02
7.850000000000000033e-02
7.510000000000000009e-02
8.669999999999999929e-02
8.369999999999999662e-02
8.100000000000000255e-02
7.349999999999999589e-02
7.580000000000000626e-02
9.030000000000000526e-02
8.400000000000000522e-02
6.650000000000000355e-02
8.440000000000000280e-02
5.879999999999999810e-02
6.950000000000000622e-02
6.809999999999999387e-02
9.210000000000000131e-02
6.619999999999999496e-02
6.029999999999999943e-02
8.269999999999999574e-02
8.719999999999999973e-02
6.740000000000000158e-02
6.489999999999999936e-02
8.300000000000000433e-02
7.910000000000000364e-02
6.230000000000000121e-02
6.019999999999999657e-02
5.870000000000000218e-02
6.239999999999999714e-02
3.860000000000000236e-02
6.539999999999999980e-02
5.260000000000000092e-02
5.449999999999999983e-02
4.669999999999999846e-02
6.180000000000000077e-02
5.160000000000000003e-02
4.839999999999999858e-02
4.429999999999999910e-02
5.500000000000000028e-02
5.279999999999999971e-02
5.580000000000000238e-02
4.900000000000000189e-02
4.130000000000000338e-02
4.560000000000000164e-02
4.529999999999999999e-02
3.819999999999999785e-02
4.789999999999999813e-02
4.299999999999999656e-02
3.719999999999999696e-02
3.939999999999999752e-02
4.619999999999999801e-02
4.089999999999999886e-02
3.719999999999999696e-02
3.409999999999999837e-02
3.500000000000000333e-02
4.580000000000000043e-02
2.199999999999999872e-02
4.080000000000000293e-02
2.949999999999999845e-02
2.809999999999999998e-02
3.330000000000000321e-02
2.529999999999999957e-02
2.230000000000000038e-02
3.039999999999999994e-02
2.089999999999999844e-02
2.699999999999999969e-02
2.429999999999999868e-02
3.080000000000000099e-02
2.759999999999999953e-02
3.330000000000000321e-02
2.259999999999999856e-02
2.690000000000000030e-02
2.429999999999999868e-02
2.079999999999999905e-02
2.690000000000000030e-02
2.350000000000000006e-02
2.639999999999999986e-02
2.409999999999999989e-02
2.500000000000000139e-02
1.980000000000000163e-02
1.609999999999999973e-02
1.729999999999999941e-02
2.800000000000000058e-02
3.109999999999999917e-02
2.050000000000000086e-02
2.639999999999999986e-02
1.700000000000000122e-02
2.100000000000000130e-02
2.139999999999999888e-02
2.539999999999999897e-02
3.059999999999999873e-02
2.129999999999999949e-02
1.660000000000000017e-02
1.810000000000000150e-02
2.239999999999999977e-02
2.060000000000000026e-02
1.499999999999999944e-02
2.290000000000000022e-02
2.210000000000000159e-02
1.729999999999999941e-02
1.909999999999999892e-02
1.640000000000000138e-02
1.890000000000000013e-02
1.700000000000000122e-02
1.519999999999999997e-02
1.349999999999999985e-02
1.319999999999999993e-02
1.239999999999999956e-02
1.569999999999999868e-02
1.609999999999999973e-02
2.060000000000000026e-02
1.660000000000000017e-02
1.349999999999999985e-02
1.239999999999999956e-02
1.269999999999999948e-02
1.820000000000000090e-02
1.529999999999999936e-02
1.420000000000000082e-02
1.430000000000000021e-02
1.060000000000000005e-02
1.200000000000000025e-02
1.230000000000000017e-02
1.110000000000000049e-02
1.220000000000000077e-02
1.510000000000000057e-02
9.700000000000000289e-03
1.569999999999999868e-02
1.660000000000000017e-02
1.430000000000000021e-02
1.269999999999999948e-02
1.020000000000000073e-02
9.499999999999999764e-03
1.679999999999999896e-02
1.439999999999999961e-02
1.069999999999999944e-02
1.060000000000000005e-02
1.069999999999999944e-02
1.239999999999999956e-02
1.439999999999999961e-02
1.299999999999999940e-02
8.899999999999999925e-03
9.799999999999999684e-03
8.500000000000000611e-03
7.400000000000000328e-03
1.110000000000000049e-02
1.230000000000000017e-02
1.220000000000000077e-02
9.799999999999999684e-03
1.720000000000000001e-02
1.099999999999999936e-02
1.119999999999999989e-02
1.409999999999999969e-02
8.300000000000000086e-03
1.099999999999999936e-02
9.299999999999999239e-03
6.700000000000000226e-03
7.700000000000000247e-03
9.299999999999999239e-03
8.300000000000000086e-03
1.009999999999999960e-02
8.300000000000000086e-03
1.060000000000000005e-02
9.900000000000000813e-03
1.099999999999999936e-02
1.020000000000000073e-02
8.099999999999999561e-03
1.020000000000000073e-02
9.299999999999999239e-03
9.299999999999999239e-03
1.430000000000000021e-02
1.739999999999999880e-02
8.999999999999999320e-03
1.050000000000000065e-02
8.200000000000000691e-03
7.700000000000000247e-03
9.700000000000000289e-03
9.900000000000000813e-03
8.699999999999999400e-03
1.129999999999999928e-02
1.420000000000000082e-02
6.499999999999999702e-03
7.000000000000000146e-03
7.100000000000000408e-03
6.700000000000000226e-03
7.100000000000000408e-03
8.800000000000000530e-03
1.129999999999999928e-02
6.700000000000000226e-03
8.099999999999999561e-03
1.329999999999999932e-02
7.300000000000000065e-03
1.009999999999999960e-02
8.500000000000000611e-03
7.199999999999999803e-03
4.899999999999999842e-03
7.700000000000000247e-03
1.030000000000000013e-02
6.199999999999999782e-03
7.300000000000000065e-03
8.600000000000000006e-03
6.700000000000000226e-03
7.100000000000000408e-03
7.400000000000000328e-03
7.400000000000000328e-03
1.760000000000000106e-02
5.799999999999999600e-03
7.199999999999999803e-03
4.499999999999999660e-03
6.199999999999999782e-03
4.799999999999999580e-03
4.700000000000000185e-03
8.699999999999999400e-03
7.100000000000000408e-03
8.999999999999999320e-03
6.199999999999999782e-03
5.300000000000000024e-03
6.700000000000000226e-03
4.899999999999999842e-03
6.300000000000000044e-03
6.000000000000000125e-03
4.599999999999999922e-03
7.300000000000000065e-03
5.300000000000000024e-03
5.700000000000000205e-03
7.199999999999999803e-03
5.400000000000000286e-03
3.799999999999999992e-03
6.700000000000000226e-03
7.100000000000000408e-03
4.400000000000000265e-03
5.300000000000000024e-03
5.000000000000000104e-03
7.100000000000000408e-03
4.400000000000000265e-03
4.899999999999999842e-03
7.900000000000000772e-03
6.199999999999999782e-03
5.599999999999999943e-03
4.599999999999999922e-03
3.599999999999999901e-03
4.599999999999999922e-03
4.199999999999999740e-03
8.200000000000000691e-03
5.100000000000000366e-03
4.599999999999999922e-03
6.199999999999999782e-03
6.100000000000000387e-03
4.100000000000000346e-03
3.799999999999999992e-03
3.299999999999999982e-03
6.000000000000000125e-03
7.000000000000000146e-03
3.399999999999999811e-03
5.000000000000000104e-03
2.899999999999999800e-03
3.700000000000000164e-03
3.700000000000000164e-03
4.899999999999999842e-03
4.199999999999999740e-03
6.899999999999999883e-03
7.100000000000000408e-03
8.399999999999999481e-03
5.000000000000000104e-03
4.700000000000000185e-03
3.299999999999999982e-03
3.099999999999999891e-03
3.500000000000000073e-03
5.100000000000000366e-03
4.100000000000000346e-03
4.899999999999999842e-03
5.199999999999999761e-03
5.300000000000000024e-03
7.100000000000000408e-03
7.599999999999999985e-03
4.799999999999999580e-03
5.499999999999999681e-03
3.700000000000000164e-03
5.400000000000000286e-03
4.799999999999999580e-03
5.000000000000000104e-03
4.700000000000000185e-03
6.799999999999999621e-03
8.099999999999999561e-03
7.199999999999999803e-03
5.700000000000000205e-03
5.400000000000000286e-03
9.700000000000000289e-03
9.499999999999999764e-03
7.199999999999999803e-03
5.799999999999999600e-03
5.199999999999999761e-03
4.400000000000000265e-03
6.199999999999999782e-03
7.199999999999999803e-03
4.899999999999999842e-03
5.000000000000000104e-03
4.599999999999999922e-03
4.700000000000000185e-03
6.700000000000000226e-03
9.199999999999999845e-03
1.099999999999999936e-02
7.799999999999999642e-03
8.600000000000000006e-03
4.599999999999999922e-03
4.599999999999999922e-03
3.799999999999999992e-03
2.899999999999999800e-03
3.500000000000000073e-03
4.300000000000000003e-03
3.299999999999999982e-03
5.100000000000000366e-03
5.000000000000000104e-03
3.500000000000000073e-03
7.100000000000000408e-03
4.199999999999999740e-03
4.499999999999999660e-03
4.400000000000000265e-03
6.799999999999999621e-03
6.300000000000000044e-03
4.300000000000000003e-03
4.300000000000000003e-03
4.799999999999999580e-03
5.000000000000000104e-03
3.299999999999999982e-03
3.399999999999999811e-03
6.199999999999999782e-03
3.200000000000000153e-03
4.899999999999999842e-03
4.100000000000000346e-03
4.599999999999999922e-03
2.799999999999999972e-03
2.899999999999999800e-03
4.400000000000000265e-03
4.400000000000000265e-03
3.599999999999999901e-03
3.200000000000000153e-03
4.499999999999999660e-03
1.020000000000000073e-02
3.799999999999999992e-03
3.899999999999999821e-03
2.399999999999999790e-03
2.299999999999999961e-03
2.500000000000000052e-03
3.099999999999999891e-03
2.899999999999999800e-03
2.099999999999999870e-03
6.400000000000000307e-03
3.700000000000000164e-03
3.399999999999999811e-03
5.499999999999999681e-03
4.199999999999999740e-03
3.799999999999999992e-03
3.000000000000000062e-03
3.399999999999999811e-03
2.399999999999999790e-03
3.000000000000000062e-03
8.200000000000000691e-03
3.200000000000000153e-03
2.700000000000000143e-03
4.100000000000000346e-03
2.099999999999999870e-03
2.099999999999999870e-03
3.599999999999999901e-03
3.399999999999999811e-03
2.799999999999999972e-03
3.200000000000000153e-03
2.599999999999999881e-03
3.200000000000000153e-03
3.799999999999999992e-03
6.899999999999999883e-03
4.199999999999999740e-03
4.199999999999999740e-03
4.899999999999999842e-03
4.400000000000000265e-03
3.899999999999999821e-03
3.399999999999999811e-03
3.200000000000000153e-03
7.300000000000000065e-03
4.300000000000000003e-03
3.700000000000000164e-03
5.599999999999999943e-03
5.799999999999999600e-03
4.000000000000000083e-03
3.099999999999999891e-03
3.899999999999999821e-03
4.499999999999999660e-03
3.299999999999999982e-03
3.099999999999999891e-03
3.899999999999999821e-03
2.899999999999999800e-03
2.500000000000000052e-03
5.100000000000000366e-03
1.129999999999999928e-02
6.599999999999999964e-03
1.500000000000000031e-03
2.099999999999999870e-03
1.600000000000000077e-03
2.500000000000000052e-03
2.599999999999999881e-03
3.200000000000000153e-03
2.799999999999999972e-03
3.899999999999999821e-03
4.499999999999999660e-03
3.099999999999999891e-03
2.599999999999999881e-03
3.299999999999999982e-03
4.400000000000000265e-03
4.199999999999999740e-03
2.500000000000000052e-03
2.500000000000000052e-03
2.399999999999999790e-03
2.099999999999999870e-03
2.599999999999999881e-03
2.399999999999999790e-03
2.399999999999999790e-03
2.200000000000000133e-03
4.599999999999999922e-03
3.700000000000000164e-03
3.200000000000000153e-03
2.700000000000000143e-03
2.799999999999999972e-03
2.000000000000000042e-03
3.200000000000000153e-03
2.299999999999999961e-03
2.599999999999999881e-03
5.000000000000000104e-03
2.500000000000000052e-03
5.499999999999999681e-03
3.700000000000000164e-03
2.399999999999999790e-03
5.599999999999999943e-03
3.099999999999999891e-03
2.000000000000000042e-03
2.000000000000000042e-03
1.399999999999999986e-03
2.599999999999999881e-03
1.799999999999999951e-03
8.899999999999999925e-03
5.000000000000000104e-03
2.500000000000000052e-03
2.200000000000000133e-03
1.500000000000000031e-03
1.600000000000000077e-03
1.500000000000000031e-03
2.599999999999999881e-03
2.000000000000000042e-03
2.599999999999999881e-03
4.300000000000000003e-03
2.299999999999999961e-03
5.199999999999999761e-03
2.899999999999999800e-03
2.200000000000000133e-03
2.599999999999999881e-03
2.099999999999999870e-03
2.899999999999999800e-03
2.899999999999999800e-03
1.340000000000000045e-02
3.700000000000000164e-03
3.299999999999999982e-03
2.700000000000000143e-03
3.500000000000000073e-03
5.899999999999999863e-03
4.199999999999999740e-03
9.400000000000000369e-03
4.899999999999999842e-03
2.700000000000000143e-03
2.500000000000000052e-03
3.099999999999999891e-03
2.399999999999999790e-03
2.200000000000000133e-03
2.299999999999999961e-03
2.099999999999999870e-03
3.799999999999999992e-03
3.000000000000000062e-03
2.700000000000000143e-03
3.099999999999999891e-03
4.899999999999999842e-03
2.500000000000000052e-03
2.399999999999999790e-03
2.500000000000000052e-03
6.199999999999999782e-03
1.699999999999999905e-03
2.200000000000000133e-03
2.200000000000000133e-03
2.799999999999999972e-03
3.399999999999999811e-03
2.299999999999999961e-03
1.500000000000000031e-03
2.099999999999999870e-03
1.299999999999999940e-03
1.500000000000000031e-03
3.399999999999999811e-03
2.299999999999999961e-03
1.899999999999999996e-03
2.099999999999999870e-03
1.799999999999999951e-03
2.599999999999999881e-03
2.099999999999999870e-03
2.399999999999999790e-03
2.200000000000000133e-03
2.299999999999999961e-03
3.399999999999999811e-03
3.399999999999999811e-03
3.099999999999999891e-03
2.700000000000000143e-03
1.899999999999999996e-03
2.099999999999999870e-03
1.600000000000000077e-03
5.100000000000000366e-03
1.089999999999999997e-02
4.400000000000000265e-03
1.799999999999999951e-03
1.500000000000000031e-03
1.600000000000000077e-03
1.100000000000000066e-03
4.300000000000000003e-03
2.799999999999999972e-03
2.500000000000000052e-03
2.000000000000000042e-03
1.799999999999999951e-03
1.699999999999999905e-03
2.500000000000000052e-03
7.000000000000000146e-03
4.599999999999999922e-03
4.199999999999999740e-03
2.000000000000000042e-03
1.299999999999999940e-03
1.899999999999999996e-03
2.399999999999999790e-03
2.299999999999999961e-03
3.500000000000000073e-03
3.700000000000000164e-03
2.700000000000000143e-03
3.700000000000000164e-03
4.100000000000000346e-03
7.700000000000000247e-03
6.599999999999999964e-03
3.899999999999999821e-03
4.700000000000000185e-03
3.000000000000000062e-03
3.299999999999999982e-03
1.000000000000000021e-03
2.799999999999999972e-03
3.099999999999999891e-03
4.000000000000000083e-03
4.000000000000000083e-03
2.599999999999999881e-03
5.700000000000000205e-03
3.399999999999999811e-03
4.700000000000000185e-03
3.799999999999999992e-03
4.400000000000000265e-03
1.060000000000000005e-02
5.599999999999999943e-03
2.799999999999999972e-03
5.700000000000000205e-03
7.799999999999999642e-03
9.100000000000000450e-03
2.000000000000000042e-03
2.700000000000000143e-03
5.000000000000000104e-03
3.299999999999999982e-03
6.400000000000000307e-03
4.300000000000000003e-03
1.600000000000000077e-03
4.100000000000000346e-03
8.099999999999999561e-03
9.299999999999999239e-03
7.300000000000000065e-03
3.000000000000000062e-03
4.899999999999999842e-03
4.100000000000000346e-03
4.300000000000000003e-03
3.599999999999999901e-03
7.100000000000000408e-03
3.700000000000000164e-03
9.199999999999999845e-03
2.400000000000000050e-02
1.269999999999999948e-02
1.500000000000000031e-03
2.399999999999999790e-03
2.000000000000000042e-03
1.899999999999999996e-03
1.299999999999999940e-03
3.200000000000000153e-03
4.100000000000000346e-03
2.200000000000000133e-03
4.799999999999999580e-03
2.899999999999999800e-03
4.300000000000000003e-03
5.400000000000000286e-03
9.499999999999999764e-03
2.599999999999999881e-03
5.199999999999999761e-03
5.300000000000000024e-03
8.999999999999999320e-03
8.300000000000000086e-03
2.899999999999999800e-03
3.200000000000000153e-03
1.069999999999999944e-02
2.160000000000000114e-02
6.419999999999999318e-02
1.986999999999999877e-01
6.457200000000000273e+00
4.229999999999999871e-01
4.000000000000000083e-03
3.074000000000000066e-01
2.500000000000000052e-03
3.399999999999999811e-03
8.200000000000000691e-03
2.869999999999999982e-02
1.830000000000000029e-02
1.280000000000000061e-02
1.640000000000000138e-02
1.349999999999999985e-02
5.199999999999999761e-03
5.199999999999999761e-03
4.899999999999999842e-03
1.549999999999999989e-02
8.500000000000000611e-03
7.199999999999999803e-03
9.100000000000000450e-03
8.099999999999999561e-03
8.600000000000000006e-03
9.100000000000000450e-03
8.300000000000000086e-03
8.000000000000000167e-03
1.159999999999999920e-02
1.009999999999999960e-02
8.699999999999999400e-03
1.009999999999999960e-02
1.280000000000000061e-02
1.069999999999999944e-02
1.820000000000000090e-02
1.370000000000000037e-02
1.529999999999999936e-02
1.269999999999999948e-02
1.200000000000000025e-02
1.089999999999999997e-02
1.930000000000000118e-02
1.810000000000000150e-02
1.340000000000000045e-02
1.760000000000000106e-02
1.359999999999999924e-02
2.170000000000000054e-02
1.779999999999999985e-02
1.540000000000000049e-02
2.000000000000000042e-02
1.389999999999999916e-02
1.480000000000000066e-02
1.450000000000000074e-02
1.760000000000000106e-02
1.640000000000000138e-02
1.559999999999999928e-02
2.340000000000000066e-02
1.460000000000000013e-02
1.450000000000000074e-02
1.890000000000000013e-02
1.200000000000000025e-02
2.000000000000000042e-02
9.599999999999999159e-03
1.460000000000000013e-02
1.179999999999999973e-02
1.600000000000000033e-02
1.269999999999999948e-02
1.200000000000000025e-02
1.149999999999999981e-02
9.799999999999999684e-03
1.159999999999999920e-02
1.329999999999999932e-02
1.499999999999999944e-02
1.080000000000000057e-02
2.069999999999999965e-02
1.450000000000000074e-02
1.299999999999999940e-02
9.900000000000000813e-03
1.149999999999999981e-02
1.239999999999999956e-02
1.480000000000000066e-02
1.609999999999999973e-02
1.179999999999999973e-02
1.739999999999999880e-02
1.190000000000000085e-02
1.859999999999999848e-02
9.799999999999999684e-03
1.379999999999999977e-02
2.019999999999999921e-02
1.629999999999999852e-02
1.779999999999999985e-02
1.540000000000000049e-02
1.069999999999999944e-02
1.870000000000000134e-02
1.750000000000000167e-02
1.549999999999999989e-02
1.220000000000000077e-02
1.490000000000000005e-02
1.250000000000000069e-02
9.599999999999999159e-03
1.209999999999999964e-02
1.710000000000000062e-02
2.029999999999999860e-02
1.779999999999999985e-02
1.679999999999999896e-02
2.230000000000000038e-02
1.460000000000000013e-02
1.260000000000000009e-02
1.039999999999999952e-02
1.050000000000000065e-02
1.379999999999999977e-02
1.389999999999999916e-02
1.789999999999999925e-02
1.460000000000000013e-02
1.660000000000000017e-02
1.789999999999999925e-02
1.969999999999999876e-02
2.170000000000000054e-02
1.789999999999999925e-02
1.650000000000000078e-02
1.919999999999999832e-02
1.140000000000000041e-02
1.190000000000000085e-02
1.569999999999999868e-02
1.460000000000000013e-02
1.269999999999999948e-02
1.679999999999999896e-02
1.389999999999999916e-02
1.700000000000000122e-02
1.870000000000000134e-02
1.490000000000000005e-02
1.729999999999999941e-02
1.609999999999999973e-02
1.700000000000000122e-02
1.290000000000000001e-02
1.770000000000000046e-02
1.310000000000000053e-02
1.159999999999999920e-02
1.720000000000000001e-02
2.139999999999999888e-02
1.820000000000000090e-02
2.259999999999999856e-02
1.490000000000000005e-02
8.800000000000000530e-03
8.699999999999999400e-03
1.280000000000000061e-02
2.139999999999999888e-02
1.569999999999999868e-02
1.340000000000000045e-02
1.349999999999999985e-02
1.000000000000000021e-02
9.599999999999999159e-03
2.079999999999999905e-02
2.239999999999999977e-02
1.209999999999999964e-02
7.300000000000000065e-03
9.900000000000000813e-03
1.430000000000000021e-02
1.089999999999999997e-02
7.700000000000000247e-03
1.619999999999999912e-02
1.269999999999999948e-02
1.269999999999999948e-02
1.779999999999999985e-02
1.069999999999999944e-02
1.290000000000000001e-02
1.080000000000000057e-02
1.389999999999999916e-02
1.379999999999999977e-02
1.629999999999999852e-02
2.280000000000000082e-02
1.329999999999999932e-02
5.400000000000000286e-03
9.599999999999999159e-03
1.460000000000000013e-02
2.000000000000000042e-02
1.099999999999999936e-02
1.789999999999999925e-02
2.369999999999999885e-02
1.529999999999999936e-02
1.739999999999999880e-02
2.390000000000000110e-02
4.349999999999999700e-02
1.629999999999999852e-02
5.899999999999999863e-03
1.119999999999999989e-02
1.409999999999999969e-02
8.999999999999999320e-03
7.199999999999999803e-03
1.030000000000000013e-02
1.789999999999999925e-02
1.660000000000000017e-02
9.900000000000000813e-03
1.020000000000000073e-02
6.700000000000000226e-03
8.600000000000000006e-03
1.200000000000000025e-02
7.900000000000000772e-03
7.799999999999999642e-03
1.170000000000000033e-02
1.400000000000000029e-02
1.069999999999999944e-02
1.359999999999999924e-02
1.729999999999999941e-02
1.559999999999999928e-02
9.199999999999999845e-03
8.999999999999999320e-03
1.329999999999999932e-02
7.199999999999999803e-03
9.400000000000000369e-03
7.700000000000000247e-03
1.839999999999999969e-02
1.110000000000000049e-02
1.239999999999999956e-02
1.540000000000000049e-02
1.290000000000000001e-02
1.089999999999999997e-02
1.009999999999999960e-02
9.499999999999999764e-03
1.030000000000000013e-02
1.069999999999999944e-02
1.689999999999999836e-02
1.209999999999999964e-02
2.060000000000000026e-02
1.629999999999999852e-02
1.209999999999999964e-02
8.500000000000000611e-03
1.170000000000000033e-02
9.799999999999999684e-03
9.299999999999999239e-03
1.460000000000000013e-02
1.129999999999999928e-02
1.340000000000000045e-02
1.940000000000000058e-02
1.600000000000000033e-02
1.510000000000000057e-02
9.199999999999999845e-03
1.000000000000000021e-02
9.799999999999999684e-03
1.619999999999999912e-02
7.199999999999999803e-03
4.799999999999999580e-03
6.199999999999999782e-03
7.400000000000000328e-03
1.430000000000000021e-02
1.430000000000000021e-02
9.499999999999999764e-03
2.369999999999999885e-02
1.660000000000000017e-02
6.700000000000000226e-03
2.560000000000000123e-02
1.209999999999999964e-02
9.299999999999999239e-03
4.899999999999999842e-03
5.199999999999999761e-03
8.500000000000000611e-03
9.700000000000000289e-03
1.200000000000000025e-02
7.499999999999999722e-03
1.119999999999999989e-02
1.000000000000000021e-02
8.500000000000000611e-03
6.799999999999999621e-03
9.199999999999999845e-03
8.000000000000000167e-03
1.030000000000000013e-02
7.199999999999999803e-03
8.200000000000000691e-03
8.899999999999999925e-03
1.700000000000000122e-02
7.900000000000000772e-03
1.359999999999999924e-02
7.700000000000000247e-03
6.199999999999999782e-03
7.100000000000000408e-03
7.700000000000000247e-03
3.899999999999999821e-03
6.599999999999999964e-03
7.400000000000000328e-03
7.400000000000000328e-03
5.499999999999999681e-03
8.600000000000000006e-03
6.700000000000000226e-03
7.300000000000000065e-03
7.000000000000000146e-03
6.799999999999999621e-03
7.799999999999999642e-03
1.000000000000000021e-02
7.700000000000000247e-03
1.060000000000000005e-02
5.799999999999999600e-03
5.400000000000000286e-03
4.300000000000000003e-03
7.300000000000000065e-03
1.159999999999999920e-02
7.799999999999999642e-03
6.000000000000000125e-03
5.000000000000000104e-03
6.000000000000000125e-03
4.199999999999999740e-03
1.039999999999999952e-02
5.300000000000000024e-03
4.899999999999999842e-03
3.200000000000000153e-03
4.799999999999999580e-03
4.199999999999999740e-03
3.500000000000000073e-03
5.199999999999999761e-03
5.599999999999999943e-03
5.799999999999999600e-03
5.400000000000000286e-03
4.899999999999999842e-03
4.799999999999999580e-03
7.700000000000000247e-03
7.599999999999999985e-03
4.700000000000000185e-03
6.499999999999999702e-03
6.799999999999999621e-03
3.299999999999999982e-03
5.300000000000000024e-03
4.799999999999999580e-03
6.300000000000000044e-03
5.799999999999999600e-03
5.300000000000000024e-03
9.199999999999999845e-03
7.100000000000000408e-03
5.400000000000000286e-03
1.239999999999999956e-02
7.100000000000000408e-03
6.100000000000000387e-03
6.199999999999999782e-03
7.599999999999999985e-03
6.000000000000000125e-03
3.799999999999999992e-03
5.700000000000000205e-03
6.199999999999999782e-03
3.799999999999999992e-03
8.000000000000000167e-03
7.400000000000000328e-03
4.000000000000000083e-03
4.799999999999999580e-03
4.499999999999999660e-03
6.700000000000000226e-03
1.799999999999999864e-02
6.400000000000000307e-03
2.700000000000000143e-03
5.100000000000000366e-03
3.899999999999999821e-03
1.140000000000000041e-02
6.599999999999999964e-03
3.299999999999999982e-03
2.399999999999999790e-03
3.799999999999999992e-03
4.799999999999999580e-03
5.000000000000000104e-03
4.899999999999999842e-03
6.499999999999999702e-03
5.100000000000000366e-03
1.050000000000000065e-02
6.599999999999999964e-03
4.400000000000000265e-03
9.900000000000000813e-03
4.499999999999999660e-03
5.499999999999999681e-03
3.899999999999999821e-03
1.559999999999999928e-02
8.699999999999999400e-03
7.100000000000000408e-03
2.200000000000000133e-03
3.599999999999999901e-03
3.599999999999999901e-03
4.599999999999999922e-03
4.899999999999999842e-03
9.299999999999999239e-03
7.000000000000000146e-03
5.100000000000000366e-03
4.400000000000000265e-03
1.009999999999999960e-02
7.599999999999999985e-03
6.400000000000000307e-03
4.000000000000000083e-03
4.799999999999999580e-03
4.400000000000000265e-03
2.700000000000000143e-03
3.000000000000000062e-03
4.700000000000000185e-03
3.200000000000000153e-03
4.000000000000000083e-03
3.599999999999999901e-03
9.100000000000000450e-03
5.400000000000000286e-03
5.799999999999999600e-03
6.599999999999999964e-03
4.899999999999999842e-03
6.300000000000000044e-03
2.700000000000000143e-03
4.599999999999999922e-03
3.500000000000000073e-03
1.590000000000000094e-02
9.400000000000000369e-03
3.599999999999999901e-03
3.599999999999999901e-03
4.499999999999999660e-03
4.799999999999999580e-03
4.100000000000000346e-03
4.899999999999999842e-03
2.599999999999999881e-03
3.799999999999999992e-03
4.599999999999999922e-03
5.799999999999999600e-03
7.000000000000000146e-03
4.899999999999999842e-03
5.799999999999999600e-03
7.900000000000000772e-03
5.799999999999999600e-03
8.600000000000000006e-03
5.100000000000000366e-03
5.899999999999999863e-03
3.200000000000000153e-03
4.300000000000000003e-03
2.599999999999999881e-03
4.199999999999999740e-03
5.300000000000000024e-03
8.999999999999999320e-03
3.899999999999999821e-03
4.000000000000000083e-03
2.299999999999999961e-03
2.899999999999999800e-03
3.099999999999999891e-03
3.099999999999999891e-03
5.000000000000000104e-03
4.700000000000000185e-03
4.300000000000000003e-03
5.000000000000000104e-03
9.299999999999999239e-03
1.080000000000000057e-02
3.899999999999999821e-03
1.799999999999999951e-03
1.899999999999999996e-03
2.000000000000000042e-03
5.400000000000000286e-03
3.299999999999999982e-03
3.099999999999999891e-03
2.799999999999999972e-03
2.299999999999999961e-03
2.799999999999999972e-03
1.020000000000000073e-02
5.899999999999999863e-03
5.100000000000000366e-03
3.200000000000000153e-03
2.399999999999999790e-03
1.699999999999999905e-03
2.299999999999999961e-03
9.100000000000000450e-03
3.000000000000000062e-03
2.000000000000000042e-03
2.299999999999999961e-03
1.399999999999999986e-03
2.299999999999999961e-03
2.799999999999999972e-03
1.069999999999999944e-02
3.000000000000000062e-03
2.399999999999999790e-03
2.000000000000000042e-03
1.899999999999999996e-03
1.899999999999999996e-03
2.599999999999999881e-03
8.699999999999999400e-03
4.499999999999999660e-03
3.399999999999999811e-03
3.099999999999999891e-03
1.760000000000000106e-02
5.199999999999999761e-03
1.799999999999999951e-03
1.000000000000000021e-03
1.100000000000000066e-03
1.100000000000000066e-03
1.699999999999999905e-03
1.899999999999999996e-03
2.099999999999999870e-03
1.699999999999999905e-03
3.799999999999999992e-03
2.299999999999999961e-03
2.099999999999999870e-03
2.000000000000000042e-03
5.300000000000000024e-03
2.599999999999999881e-03
5.199999999999999761e-03
2.099999999999999870e-03
2.099999999999999870e-03
2.000000000000000042e-03
1.699999999999999905e-03
1.899999999999999996e-03
2.099999999999999870e-03
2.799999999999999972e-03
2.000000000000000042e-03
2.200000000000000133e-03
1.799999999999999951e-03
2.899999999999999800e-03
2.399999999999999790e-03
6.400000000000000307e-03
3.299999999999999982e-03
2.000000000000000042e-03
1.500000000000000031e-03
4.400000000000000265e-03
2.799999999999999972e-03
2.500000000000000052e-03
1.600000000000000077e-03
6.700000000000000226e-03
4.400000000000000265e-03
2.799999999999999972e-03
4.300000000000000003e-03
5.599999999999999943e-03
4.400000000000000265e-03
4.300000000000000003e-03
3.099999999999999891e-03
3.399999999999999811e-03
3.099999999999999891e-03
2.599999999999999881e-03
2.500000000000000052e-03
1.799999999999999951e-03
4.700000000000000185e-03
4.899999999999999842e-03
4.599999999999999922e-03
2.799999999999999972e-03
3.099999999999999891e-03
3.500000000000000073e-03
4.799999999999999580e-03
2.099999999999999870e-03
2.399999999999999790e-03
4.199999999999999740e-03
2.000000000000000042e-03
2.599999999999999881e-03
4.599999999999999922e-03
3.799999999999999992e-03
1.129999999999999928e-02
6.000000000000000125e-03
1.500000000000000031e-03
2.399999999999999790e-03
2.200000000000000133e-03
5.199999999999999761e-03
3.799999999999999992e-03
7.199999999999999803e-03
4.100000000000000346e-03
4.599999999999999922e-03
6.100000000000000387e-03
4.899999999999999842e-03
4.199999999999999740e-03
4.300000000000000003e-03
3.200000000000000153e-03
5.400000000000000286e-03
4.599999999999999922e-03
5.300000000000000024e-03
8.200000000000000691e-03
3.599999999999999901e-03
5.400000000000000286e-03
2.299999999999999961e-03
3.399999999999999811e-03
6.400000000000000307e-03
2.500000000000000052e-03
6.300000000000000044e-03
6.300000000000000044e-03
6.700000000000000226e-03
2.899999999999999800e-03
6.799999999999999621e-03
4.000000000000000083e-03
4.400000000000000265e-03
3.899999999999999821e-03
7.400000000000000328e-03
6.000000000000000125e-03
2.200000000000000133e-03
2.899999999999999800e-03
8.200000000000000691e-03
7.000000000000000146e-03
6.499999999999999702e-03
3.399999999999999811e-03
4.100000000000000346e-03
2.500000000000000052e-03
1.899999999999999996e-03
2.000000000000000042e-03
2.639999999999999986e-02
2.285000000000000087e-01
9.691300000000000026e+00
1.408999999999999975e-01
0.000000000000000000e+00
1.000000000000000048e-04
1.340000000000000045e-02
6.400000000000000307e-03
2.580000000000000002e-02
4.050000000000000128e-02
6.100000000000000387e-03
1.569999999999999868e-02
1.110000000000000049e-02
4.209999999999999853e-02
3.309999999999999748e-02
2.309999999999999901e-02
2.910000000000000087e-02
4.469999999999999668e-02
5.909999999999999976e-02
2.910000000000000087e-02
2.819999999999999937e-02
8.169999999999999485e-02
2.831000000000000183e-01
1.029999999999999943e-01
1.529999999999999936e-02
2.069999999999999965e-02
