1.428299999999999903e+00
1.556599999999999984e+00
1.609199999999999964e+00
1.709999999999999964e+00
1.844600000000000017e+00
1.946900000000000075e+00
2.079899999999999860e+00
2.162599999999999856e+00
2.162100000000000133e+00
2.158300000000000107e+00
2.153399999999999981e+00
2.128800000000000026e+00
2.084400000000000031e+00
2.181400000000000006e+00
2.143100000000000005e+00
2.281499999999999861e+00
2.146500000000000075e+00
2.248299999999999965e+00
2.236800000000000122e+00
2.281099999999999905e+00
2.130900000000000016e+00
2.216200000000000170e+00
2.253600000000000048e+00
2.291599999999999859e+00
2.293099999999999916e+00
2.352399999999999824e+00
2.347100000000000186e+00
2.313800000000000079e+00
2.281200000000000117e+00
2.153099999999999792e+00
2.244000000000000217e+00
2.266700000000000159e+00
2.180600000000000094e+00
2.272800000000000153e+00
2.191199999999999815e+00
2.222599999999999909e+00
2.142599999999999838e+00
2.204800000000000093e+00
2.143400000000000194e+00
2.203199999999999825e+00
2.045100000000000140e+00
2.049599999999999866e+00
2.134999999999999787e+00
2.088000000000000078e+00
2.082199999999999829e+00
2.133799999999999919e+00
2.250399999999999956e+00
2.213600000000000012e+00
2.375000000000000000e+00
2.336800000000000210e+00
2.378699999999999815e+00
2.374000000000000110e+00
2.321099999999999941e+00
2.345600000000000129e+00
2.359300000000000175e+00
2.313400000000000123e+00
2.353699999999999903e+00
2.239300000000000068e+00
2.241200000000000081e+00
2.177500000000000213e+00
2.179399999999999782e+00
2.222900000000000098e+00
2.204899999999999860e+00
2.213600000000000012e+00
2.213000000000000078e+00
2.124699999999999811e+00
2.239100000000000090e+00
2.186799999999999855e+00
2.127400000000000180e+00
2.100200000000000067e+00
2.163400000000000212e+00
2.206799999999999873e+00
2.143200000000000216e+00
2.152899999999999814e+00
2.169000000000000039e+00
2.198799999999999866e+00
2.191500000000000004e+00
2.239300000000000068e+00
2.234700000000000131e+00
2.308899999999999952e+00
2.297899999999999832e+00
2.321800000000000086e+00
2.350800000000000001e+00
2.320899999999999963e+00
2.228400000000000158e+00
2.126799999999999802e+00
2.161099999999999799e+00
2.157599999999999962e+00
2.094899999999999984e+00
2.045599999999999863e+00
2.020099999999999785e+00
1.954900000000000082e+00
1.955999999999999961e+00
1.927899999999999947e+00
1.872700000000000031e+00
1.935200000000000031e+00
1.942099999999999937e+00
1.949899999999999967e+00
1.914400000000000102e+00
1.951000000000000068e+00
1.952399999999999913e+00
1.960499999999999909e+00
1.962800000000000100e+00
1.887100000000000000e+00
1.877199999999999980e+00
1.806999999999999940e+00
1.841199999999999948e+00
1.800000000000000044e+00
1.788300000000000001e+00
1.746399999999999952e+00
1.896400000000000086e+00
1.987000000000000099e+00
1.980699999999999905e+00
2.010099999999999998e+00
1.962599999999999900e+00
1.945400000000000018e+00
2.034600000000000186e+00
2.043400000000000105e+00
2.038100000000000023e+00
1.977999999999999980e+00
2.063600000000000101e+00
2.075600000000000112e+00
2.063200000000000145e+00
2.144899999999999807e+00
2.135899999999999910e+00
2.073999999999999844e+00
2.116099999999999870e+00
2.053399999999999892e+00
2.063299999999999912e+00
2.102399999999999824e+00
2.091800000000000104e+00
2.045700000000000074e+00
2.076000000000000068e+00
2.113300000000000178e+00
2.044900000000000162e+00
1.983700000000000019e+00
1.978299999999999947e+00
1.953000000000000069e+00
1.979800000000000004e+00
1.972800000000000109e+00
1.916900000000000048e+00
2.098100000000000076e+00
2.112000000000000099e+00
2.136000000000000121e+00
2.126599999999999824e+00
2.045700000000000074e+00
2.059499999999999886e+00
2.097399999999999931e+00
2.145000000000000018e+00
2.020199999999999996e+00
2.064499999999999780e+00
1.933599999999999985e+00
2.084999999999999964e+00
1.969000000000000083e+00
1.993700000000000028e+00
1.929499999999999993e+00
2.081199999999999939e+00
2.043899999999999828e+00
1.953500000000000014e+00
1.901899999999999924e+00
1.929000000000000048e+00
1.871699999999999919e+00
1.865199999999999969e+00
1.849499999999999922e+00
1.822699999999999987e+00
1.703899999999999970e+00
1.748699999999999921e+00
1.725600000000000023e+00
1.859900000000000109e+00
1.840700000000000003e+00
1.984799999999999898e+00
1.970599999999999907e+00
2.036700000000000177e+00
1.975200000000000067e+00
2.033500000000000085e+00
1.955100000000000060e+00
1.837599999999999900e+00
1.786999999999999922e+00
1.774599999999999955e+00
1.746599999999999930e+00
1.835399999999999920e+00
1.791500000000000092e+00
1.952800000000000091e+00
1.925100000000000033e+00
1.791600000000000081e+00
1.809800000000000075e+00
1.640800000000000036e+00
1.743900000000000006e+00
1.703200000000000047e+00
1.618000000000000105e+00
1.739500000000000046e+00
1.741100000000000092e+00
1.675400000000000000e+00
1.685200000000000031e+00
1.599699999999999900e+00
1.598700000000000010e+00
1.633199999999999985e+00
1.637899999999999912e+00
1.590799999999999992e+00
1.590799999999999992e+00
1.635899999999999910e+00
1.611199999999999966e+00
1.576500000000000012e+00
1.557199999999999918e+00
1.611199999999999966e+00
1.619799999999999907e+00
1.557299999999999907e+00
1.642800000000000038e+00
1.600000000000000089e+00
1.604500000000000037e+00
1.715000000000000080e+00
1.578000000000000069e+00
1.663000000000000034e+00
1.596700000000000008e+00
1.682700000000000085e+00
1.659100000000000019e+00
1.725500000000000034e+00
1.682900000000000063e+00
1.742099999999999982e+00
1.746199999999999974e+00
1.647499999999999964e+00
1.611799999999999899e+00
1.611199999999999966e+00
1.576899999999999968e+00
1.626800000000000024e+00
1.687300000000000022e+00
1.538200000000000012e+00
1.579099999999999948e+00
1.522399999999999975e+00
1.654800000000000049e+00
1.643399999999999972e+00
1.599499999999999922e+00
1.565399999999999903e+00
1.601599999999999913e+00
1.659499999999999975e+00
1.581399999999999917e+00
1.631599999999999939e+00
1.604700000000000015e+00
1.616900000000000004e+00
1.540499999999999980e+00
1.495400000000000063e+00
1.519800000000000040e+00
1.500000000000000000e+00
1.581299999999999928e+00
1.671599999999999975e+00
1.622300000000000075e+00
1.636200000000000099e+00
1.623799999999999910e+00
1.578999999999999959e+00
1.541500000000000092e+00
1.482299999999999951e+00
1.440299999999999914e+00
1.389999999999999902e+00
1.356000000000000094e+00
1.415000000000000036e+00
1.300799999999999956e+00
1.447400000000000020e+00
1.447899999999999965e+00
1.271200000000000108e+00
1.332999999999999963e+00
1.351799999999999891e+00
1.328600000000000003e+00
1.330600000000000005e+00
1.318200000000000038e+00
1.309099999999999930e+00
1.372999999999999998e+00
1.356800000000000006e+00
1.405299999999999994e+00
1.324400000000000022e+00
1.221500000000000030e+00
1.285300000000000109e+00
1.254399999999999959e+00
1.361699999999999910e+00
1.343099999999999961e+00
1.526299999999999990e+00
1.392600000000000060e+00
1.441300000000000026e+00
1.505600000000000049e+00
1.545099999999999918e+00
1.413799999999999946e+00
1.496399999999999952e+00
1.440199999999999925e+00
1.398400000000000087e+00
1.468399999999999928e+00
1.439699999999999980e+00
1.400700000000000056e+00
1.542699999999999960e+00
1.510099999999999998e+00
1.573099999999999943e+00
1.558100000000000041e+00
1.681400000000000006e+00
1.534999999999999920e+00
1.620200000000000085e+00
1.609399999999999942e+00
1.546999999999999931e+00
1.584799999999999986e+00
1.609199999999999964e+00
1.604200000000000070e+00
1.572699999999999987e+00
1.643499999999999961e+00
1.602400000000000047e+00
1.534399999999999986e+00
1.527400000000000091e+00
1.608500000000000041e+00
1.597399999999999931e+00
1.534999999999999920e+00
1.596700000000000008e+00
1.578699999999999992e+00
1.564500000000000002e+00
1.524799999999999933e+00
1.626500000000000057e+00
1.666800000000000059e+00
1.590500000000000025e+00
1.582699999999999996e+00
1.672600000000000087e+00
1.600300000000000056e+00
1.682800000000000074e+00
1.606300000000000061e+00
1.576999999999999957e+00
1.582200000000000051e+00
1.532299999999999995e+00
1.621899999999999897e+00
1.526999999999999913e+00
1.468099999999999961e+00
1.497900000000000009e+00
1.504399999999999959e+00
1.516199999999999992e+00
1.543099999999999916e+00
1.519800000000000040e+00
1.467100000000000071e+00
1.506099999999999994e+00
1.444900000000000073e+00
1.419799999999999951e+00
1.376800000000000024e+00
1.361299999999999955e+00
1.342300000000000049e+00
1.295299999999999896e+00
1.206800000000000095e+00
1.291400000000000103e+00
1.290999999999999925e+00
1.299800000000000066e+00
1.389299999999999979e+00
1.381399999999999961e+00
1.358899999999999997e+00
1.287099999999999911e+00
1.272999999999999909e+00
1.291099999999999914e+00
1.254199999999999982e+00
1.224599999999999911e+00
1.205600000000000005e+00
1.207200000000000051e+00
1.132600000000000051e+00
1.084799999999999986e+00
1.129000000000000004e+00
1.090799999999999992e+00
1.141699999999999937e+00
9.958000000000000185e-01
1.089399999999999924e+00
1.044399999999999995e+00
1.072999999999999954e+00
1.190800000000000081e+00
1.103399999999999936e+00
1.081700000000000106e+00
1.138300000000000090e+00
1.183400000000000007e+00
1.133799999999999919e+00
1.159599999999999964e+00
1.073600000000000110e+00
1.125999999999999890e+00
1.081399999999999917e+00
1.111499999999999932e+00
1.172800000000000065e+00
1.183200000000000029e+00
1.189699999999999980e+00
1.287800000000000056e+00
1.304000000000000048e+00
1.366400000000000059e+00
1.279400000000000093e+00
1.277400000000000091e+00
1.262100000000000000e+00
1.262899999999999912e+00
1.262399999999999967e+00
1.163000000000000034e+00
1.256199999999999983e+00
1.254199999999999982e+00
1.229500000000000037e+00
1.297900000000000054e+00
1.339900000000000091e+00
1.212599999999999900e+00
1.288799999999999946e+00
1.246699999999999919e+00
1.348500000000000032e+00
1.281300000000000106e+00
1.275199999999999889e+00
1.181300000000000017e+00
1.255700000000000038e+00
1.184399999999999897e+00
1.078200000000000047e+00
1.237800000000000011e+00
1.216900000000000093e+00
1.174299999999999899e+00
1.135599999999999943e+00
1.183100000000000041e+00
1.254699999999999926e+00
1.243400000000000061e+00
1.225999999999999979e+00
1.294300000000000006e+00
1.252399999999999958e+00
1.220099999999999962e+00
1.248299999999999965e+00
1.197400000000000020e+00
1.255700000000000038e+00
1.284899999999999931e+00
1.241999999999999993e+00
1.247100000000000097e+00
1.354200000000000070e+00
1.135699999999999932e+00
1.333099999999999952e+00
1.219000000000000083e+00
1.231300000000000061e+00
1.229700000000000015e+00
1.374500000000000055e+00
1.341900000000000093e+00
1.312000000000000055e+00
1.273200000000000109e+00
1.231899999999999995e+00
1.294399999999999995e+00
1.167499999999999982e+00
1.238399999999999945e+00
1.247100000000000097e+00
1.166700000000000070e+00
1.242599999999999927e+00
1.221500000000000030e+00
1.187400000000000011e+00
1.195500000000000007e+00
1.178500000000000103e+00
1.212199999999999944e+00
1.250199999999999978e+00
1.234900000000000109e+00
1.242199999999999971e+00
1.333499999999999908e+00
1.334000000000000075e+00
1.286200000000000010e+00
1.219700000000000006e+00
1.314699999999999980e+00
1.262199999999999989e+00
1.276399999999999979e+00
1.199200000000000044e+00
1.279300000000000104e+00
1.328699999999999992e+00
1.321900000000000075e+00
1.284999999999999920e+00
1.286299999999999999e+00
1.265400000000000080e+00
1.318400000000000016e+00
1.242699999999999916e+00
1.314799999999999969e+00
1.245300000000000074e+00
1.269800000000000040e+00
1.206399999999999917e+00
1.142400000000000082e+00
1.193699999999999983e+00
1.149100000000000010e+00
1.274899999999999922e+00
1.223999999999999977e+00
1.277300000000000102e+00
1.310599999999999987e+00
1.320899999999999963e+00
1.263600000000000056e+00
1.363899999999999890e+00
1.419999999999999929e+00
1.228599999999999914e+00
1.199300000000000033e+00
1.175000000000000044e+00
1.154700000000000060e+00
1.148099999999999898e+00
1.133499999999999952e+00
1.081599999999999895e+00
1.059199999999999919e+00
1.005800000000000027e+00
1.058499999999999996e+00
1.122900000000000009e+00
1.151100000000000012e+00
1.053099999999999925e+00
1.003600000000000048e+00
1.019900000000000029e+00
1.008099999999999996e+00
1.001400000000000068e+00
1.021600000000000064e+00
9.506999999999999895e-01
1.009800000000000031e+00
9.841999999999999638e-01
1.020599999999999952e+00
9.875000000000000444e-01
9.122000000000000108e-01
9.872999999999999554e-01
1.010000000000000009e+00
1.004199999999999982e+00
1.005300000000000082e+00
1.078699999999999992e+00
1.117699999999999916e+00
1.074000000000000066e+00
1.009700000000000042e+00
1.061900000000000066e+00
1.021200000000000108e+00
1.011300000000000088e+00
1.028200000000000003e+00
1.017200000000000104e+00
1.013700000000000045e+00
9.122999999999999998e-01
1.009300000000000086e+00
1.056400000000000006e+00
1.066799999999999971e+00
1.161100000000000021e+00
1.179899999999999949e+00
1.128100000000000103e+00
1.233800000000000008e+00
1.190800000000000081e+00
1.181300000000000017e+00
1.219700000000000006e+00
1.197899999999999965e+00
1.204099999999999948e+00
1.223899999999999988e+00
1.164700000000000069e+00
1.171899999999999942e+00
9.882999999999999563e-01
1.096700000000000008e+00
1.024699999999999944e+00
1.019500000000000073e+00
9.748999999999999888e-01
9.821999999999999620e-01
9.224999999999999867e-01
1.029800000000000049e+00
9.949000000000000066e-01
9.847000000000000197e-01
8.951000000000000068e-01
9.583000000000000407e-01
9.076999999999999513e-01
8.157999999999999696e-01
8.357999999999999874e-01
9.389999999999999458e-01
9.233000000000000096e-01
8.881999999999999895e-01
9.627999999999999892e-01
8.874999999999999556e-01
1.011900000000000022e+00
9.283000000000000140e-01
9.062999999999999945e-01
9.700999999999999623e-01
9.284000000000000030e-01
1.015600000000000058e+00
1.019600000000000062e+00
9.937000000000000277e-01
1.013600000000000056e+00
1.063499999999999890e+00
1.059800000000000075e+00
9.683000000000000496e-01
9.513000000000000345e-01
1.090899999999999981e+00
1.096899999999999986e+00
1.029700000000000060e+00
1.152099999999999902e+00
1.066999999999999948e+00
1.074899999999999967e+00
1.174099999999999921e+00
9.629999999999999671e-01
9.859999999999999876e-01
9.968000000000000194e-01
1.041900000000000048e+00
1.002499999999999947e+00
9.315999999999999837e-01
8.859000000000000208e-01
9.499999999999999556e-01
8.884999999999999565e-01
9.992999999999999661e-01
9.681999999999999496e-01
9.434000000000000163e-01
9.421000000000000485e-01
9.865000000000000435e-01
9.573000000000000398e-01
9.738999999999999879e-01
9.749999999999999778e-01
9.546999999999999931e-01
9.214999999999999858e-01
8.539999999999999813e-01
8.453000000000000513e-01
8.211000000000000520e-01
9.000000000000000222e-01
8.413000000000000478e-01
8.591999999999999638e-01
8.810999999999999943e-01
8.426000000000000156e-01
8.141000000000000458e-01
8.327999999999999847e-01
8.370999999999999552e-01
9.377999999999999670e-01
8.889000000000000234e-01
8.750999999999999890e-01
9.032000000000000028e-01
8.400999999999999579e-01
7.559000000000000163e-01
7.982000000000000206e-01
8.310999999999999499e-01
8.600999999999999757e-01
8.809000000000000163e-01
8.387999999999999901e-01
8.224000000000000199e-01
8.856000000000000538e-01
8.500999999999999668e-01
7.933999999999999941e-01
7.748000000000000442e-01
8.457999999999999963e-01
8.541999999999999593e-01
7.641999999999999904e-01
8.441999999999999504e-01
8.526000000000000245e-01
7.960000000000000409e-01
8.450999999999999623e-01
8.181000000000000494e-01
7.705999999999999517e-01
7.237999999999999989e-01
7.108999999999999764e-01
7.380999999999999783e-01
7.682999999999999829e-01
7.372999999999999554e-01
7.479000000000000092e-01
7.146000000000000130e-01
7.719000000000000306e-01
7.070999999999999508e-01
7.082000000000000517e-01
7.469000000000000083e-01
7.453999999999999515e-01
7.003000000000000336e-01
6.522000000000000020e-01
7.276000000000000245e-01
7.236000000000000210e-01
7.939000000000000501e-01
8.358999999999999764e-01
8.440999999999999615e-01
9.354999999999999982e-01
9.015999999999999570e-01
8.322000000000000508e-01
7.977999999999999536e-01
8.366000000000000103e-01
7.502999999999999670e-01
8.104999999999999982e-01
7.752000000000000002e-01
8.006999999999999673e-01
8.231000000000000538e-01
8.387000000000000011e-01
7.852999999999999980e-01
7.741999999999999993e-01
7.802999999999999936e-01
8.581999999999999629e-01
8.655000000000000471e-01
8.346999999999999975e-01
7.758000000000000451e-01
7.717000000000000526e-01
6.936999999999999833e-01
7.279999999999999805e-01
7.017999999999999794e-01
6.914000000000000146e-01
7.688000000000000389e-01
7.082000000000000517e-01
8.057999999999999607e-01
7.277000000000000135e-01
8.010000000000000453e-01
7.526000000000000467e-01
7.601999999999999869e-01
7.306000000000000272e-01
8.479999999999999760e-01
8.856000000000000538e-01
7.236000000000000210e-01
7.731000000000000094e-01
6.877999999999999670e-01
8.056999999999999718e-01
7.872999999999999998e-01
7.798000000000000487e-01
7.119999999999999662e-01
7.249999999999999778e-01
7.826999999999999513e-01
7.842000000000000082e-01
7.449000000000000066e-01
7.106999999999999984e-01
7.146000000000000130e-01
7.236000000000000210e-01
6.993000000000000327e-01
6.722000000000000197e-01
6.272999999999999687e-01
6.905999999999999917e-01
7.356000000000000316e-01
7.437000000000000277e-01
7.157000000000000028e-01
6.203999999999999515e-01
6.288000000000000256e-01
6.618000000000000549e-01
7.244000000000000439e-01
7.556000000000000494e-01
6.836999999999999744e-01
6.679000000000000492e-01
6.117000000000000215e-01
6.251999999999999780e-01
7.618000000000000327e-01
6.932000000000000384e-01
7.157999999999999918e-01
6.159000000000000030e-01
6.519000000000000350e-01
6.232999999999999652e-01
7.614999999999999547e-01
6.497000000000000552e-01
7.280999999999999694e-01
6.825999999999999845e-01
7.397000000000000242e-01
6.453999999999999737e-01
6.603999999999999870e-01
6.667999999999999483e-01
6.825999999999999845e-01
6.445999999999999508e-01
5.620000000000000551e-01
5.708999999999999631e-01
6.138000000000000123e-01
6.198000000000000176e-01
6.411000000000000032e-01
6.091999999999999638e-01
6.116000000000000325e-01
5.930999999999999606e-01
6.270000000000000018e-01
5.508999999999999453e-01
5.895000000000000240e-01
6.187000000000000277e-01
6.701000000000000290e-01
6.822000000000000286e-01
5.990999999999999659e-01
5.876000000000000112e-01
6.401000000000000023e-01
5.916000000000000147e-01
6.005000000000000338e-01
5.857999999999999874e-01
6.213999999999999524e-01
5.815000000000000169e-01
5.668999999999999595e-01
5.957999999999999963e-01
5.397999999999999465e-01
5.422000000000000153e-01
6.059999999999999831e-01
5.092999999999999750e-01
5.816999999999999948e-01
4.986999999999999766e-01
5.494999999999999885e-01
4.939999999999999947e-01
5.275999999999999579e-01
5.588999999999999524e-01
4.833000000000000074e-01
5.006000000000000449e-01
5.879999999999999671e-01
5.076000000000000512e-01
5.415999999999999703e-01
5.300000000000000266e-01
6.110999999999999766e-01
5.572000000000000286e-01
5.834000000000000297e-01
5.770999999999999464e-01
5.679999999999999494e-01
6.136000000000000343e-01
5.745000000000000107e-01
5.123999999999999666e-01
6.261999999999999789e-01
6.455999999999999517e-01
5.587999999999999634e-01
5.070000000000000062e-01
5.836000000000000076e-01
5.525999999999999801e-01
5.580000000000000515e-01
5.451000000000000290e-01
4.993000000000000216e-01
5.329000000000000403e-01
5.231999999999999984e-01
5.420000000000000373e-01
5.564000000000000057e-01
4.822000000000000175e-01
4.771000000000000241e-01
5.242999999999999883e-01
4.825999999999999734e-01
5.479000000000000536e-01
4.965999999999999859e-01
4.998000000000000220e-01
4.461999999999999855e-01
4.673999999999999821e-01
4.573999999999999733e-01
4.526999999999999913e-01
4.320999999999999841e-01
4.918000000000000149e-01
4.575000000000000178e-01
4.440000000000000058e-01
4.421999999999999820e-01
4.405999999999999917e-01
4.104999999999999760e-01
3.917999999999999816e-01
4.732999999999999985e-01
4.902000000000000246e-01
4.899999999999999911e-01
4.469000000000000195e-01
4.239999999999999880e-01
4.274000000000000021e-01
4.773999999999999910e-01
4.329999999999999960e-01
4.555000000000000160e-01
4.324000000000000066e-01
4.097999999999999976e-01
5.076000000000000512e-01
4.208999999999999964e-01
4.848000000000000087e-01
5.182999999999999829e-01
4.786000000000000254e-01
4.441999999999999837e-01
4.319999999999999951e-01
4.186000000000000276e-01
4.546999999999999931e-01
4.238999999999999990e-01
4.560000000000000164e-01
4.198000000000000065e-01
4.153999999999999915e-01
4.126000000000000223e-01
4.919000000000000039e-01
4.020000000000000240e-01
3.936999999999999944e-01
4.168999999999999928e-01
3.876999999999999891e-01
4.012999999999999901e-01
4.123999999999999888e-01
3.749000000000000110e-01
4.516999999999999904e-01
4.390999999999999903e-01
3.716999999999999749e-01
3.499999999999999778e-01
3.743000000000000216e-01
3.914000000000000257e-01
3.598999999999999977e-01
3.650999999999999801e-01
3.859000000000000208e-01
3.951000000000000068e-01
3.660999999999999810e-01
4.040000000000000258e-01
3.755999999999999894e-01
3.569999999999999840e-01
3.669000000000000039e-01
4.077999999999999958e-01
3.917999999999999816e-01
4.905999999999999805e-01
3.850000000000000089e-01
3.765999999999999903e-01
4.194999999999999840e-01
3.952999999999999847e-01
4.415000000000000036e-01
3.856999999999999873e-01
4.287000000000000255e-01
4.364000000000000101e-01
3.962999999999999856e-01
3.741999999999999771e-01
3.926999999999999935e-01
4.138000000000000012e-01
4.549000000000000266e-01
4.046000000000000152e-01
4.012999999999999901e-01
3.373999999999999777e-01
3.466000000000000192e-01
4.202000000000000179e-01
4.148000000000000020e-01
3.921000000000000041e-01
3.689999999999999947e-01
3.598999999999999977e-01
3.906999999999999917e-01
4.012999999999999901e-01
3.872999999999999776e-01
3.961000000000000076e-01
3.212999999999999745e-01
3.766999999999999793e-01
3.705999999999999850e-01
3.780000000000000027e-01
3.513999999999999901e-01
3.871999999999999886e-01
3.755999999999999894e-01
4.092000000000000082e-01
3.567000000000000171e-01
3.477000000000000091e-01
2.725000000000000200e-01
3.049999999999999933e-01
3.245000000000000107e-01
3.377999999999999892e-01
3.275000000000000133e-01
3.570999999999999730e-01
3.422999999999999932e-01
3.926999999999999935e-01
3.881000000000000005e-01
3.668000000000000149e-01
2.741999999999999993e-01
2.780000000000000249e-01
2.817000000000000060e-01
4.028999999999999804e-01
3.749000000000000110e-01
3.734999999999999987e-01
3.417999999999999927e-01
3.669999999999999929e-01
3.948999999999999733e-01
3.146999999999999797e-01
3.054999999999999938e-01
3.407000000000000028e-01
3.160000000000000031e-01
2.772999999999999909e-01
3.176999999999999824e-01
3.049000000000000044e-01
3.975000000000000200e-01
3.474999999999999756e-01
3.683000000000000163e-01
3.130000000000000004e-01
3.111999999999999766e-01
2.993000000000000105e-01
2.893000000000000016e-01
3.269000000000000239e-01
2.819999999999999729e-01
3.076999999999999735e-01
3.257999999999999785e-01
3.310000000000000164e-01
3.327999999999999847e-01
3.149000000000000132e-01
2.954999999999999849e-01
2.531999999999999806e-01
3.428999999999999826e-01
3.175000000000000044e-01
3.217999999999999750e-01
2.721999999999999975e-01
2.621999999999999886e-01
2.848999999999999866e-01
3.086999999999999744e-01
3.405000000000000249e-01
2.878999999999999893e-01
2.611999999999999877e-01
2.619000000000000217e-01
2.787000000000000033e-01
3.083000000000000185e-01
2.988999999999999990e-01
2.871000000000000218e-01
3.089000000000000079e-01
3.441000000000000170e-01
3.062000000000000277e-01
2.700000000000000178e-01
2.662999999999999812e-01
2.679000000000000270e-01
2.805000000000000271e-01
2.772999999999999909e-01
2.846000000000000196e-01
3.155999999999999917e-01
2.858999999999999875e-01
3.085999999999999854e-01
2.792000000000000037e-01
2.878999999999999893e-01
2.968999999999999972e-01
2.965999999999999748e-01
2.952000000000000179e-01
2.837999999999999967e-01
2.791000000000000147e-01
2.670000000000000151e-01
2.610000000000000098e-01
2.731999999999999984e-01
3.256000000000000005e-01
2.933000000000000052e-01
2.796000000000000152e-01
2.978999999999999981e-01
2.721000000000000085e-01
2.660000000000000142e-01
2.760000000000000231e-01
2.828999999999999848e-01
2.998999999999999999e-01
3.088000000000000189e-01
2.894999999999999796e-01
3.037000000000000255e-01
3.059000000000000052e-01
2.982000000000000206e-01
2.983999999999999986e-01
2.817000000000000060e-01
2.738999999999999768e-01
3.155999999999999917e-01
2.883000000000000007e-01
3.145000000000000018e-01
3.336999999999999966e-01
4.045000000000000262e-01
3.225000000000000089e-01
3.170000000000000040e-01
2.807000000000000051e-01
3.160999999999999921e-01
2.634000000000000230e-01
2.733999999999999764e-01
2.723999999999999755e-01
2.647999999999999798e-01
3.114999999999999991e-01
3.620999999999999774e-01
3.115999999999999881e-01
3.565999999999999726e-01
2.449000000000000066e-01
3.089000000000000079e-01
2.928000000000000047e-01
3.116999999999999771e-01
3.128000000000000225e-01
3.090999999999999859e-01
3.150999999999999912e-01
3.321000000000000063e-01
3.395000000000000240e-01
3.397000000000000020e-01
3.523000000000000020e-01
2.788999999999999813e-01
3.890000000000000124e-01
3.444999999999999729e-01
3.551000000000000267e-01
3.373999999999999777e-01
3.347999999999999865e-01
3.635999999999999788e-01
3.484999999999999765e-01
3.469999999999999751e-01
3.245000000000000107e-01
3.573000000000000065e-01
3.229000000000000203e-01
3.594999999999999862e-01
3.195000000000000062e-01
2.919999999999999818e-01
3.891000000000000014e-01
3.623999999999999999e-01
3.750999999999999890e-01
3.528000000000000025e-01
4.363000000000000211e-01
3.481000000000000205e-01
4.336999999999999744e-01
3.508000000000000007e-01
4.097000000000000086e-01
3.271000000000000019e-01
3.930000000000000160e-01
3.951999999999999957e-01
3.839000000000000190e-01
3.862999999999999767e-01
3.664999999999999925e-01
3.695999999999999841e-01
3.991999999999999993e-01
3.255000000000000115e-01
3.940000000000000169e-01
3.738000000000000211e-01
3.864000000000000212e-01
3.497999999999999998e-01
3.975000000000000200e-01
3.383999999999999786e-01
4.055000000000000271e-01
3.759000000000000119e-01
3.709999999999999964e-01
3.592000000000000193e-01
3.946000000000000063e-01
3.992999999999999883e-01
3.714000000000000079e-01
2.883999999999999897e-01
3.452000000000000068e-01
3.906999999999999917e-01
3.139000000000000123e-01
3.850999999999999979e-01
3.642000000000000237e-01
3.444999999999999729e-01
3.673000000000000154e-01
3.825000000000000067e-01
3.607000000000000206e-01
3.252999999999999781e-01
3.267999999999999794e-01
2.740000000000000213e-01
3.436000000000000165e-01
3.353999999999999759e-01
3.881000000000000005e-01
3.139000000000000123e-01
3.905000000000000138e-01
3.647000000000000242e-01
4.187000000000000166e-01
3.558999999999999941e-01
4.329999999999999960e-01
3.370000000000000218e-01
3.468999999999999861e-01
3.608999999999999986e-01
3.513000000000000012e-01
3.202999999999999736e-01
4.315999999999999837e-01
4.096000000000000196e-01
3.508999999999999897e-01
4.243000000000000105e-01
3.561000000000000276e-01
3.724999999999999978e-01
4.220999999999999752e-01
3.683000000000000163e-01
3.765000000000000013e-01
4.279999999999999916e-01
4.859999999999999876e-01
3.981000000000000094e-01
5.044999999999999485e-01
3.790000000000000036e-01
3.635999999999999788e-01
4.038999999999999813e-01
4.282000000000000250e-01
4.247000000000000219e-01
4.064999999999999725e-01
3.322999999999999843e-01
4.789999999999999813e-01
4.555000000000000160e-01
5.034999999999999476e-01
4.072999999999999954e-01
5.981999999999999540e-01
4.873000000000000109e-01
5.223999999999999755e-01
4.309999999999999942e-01
5.390000000000000346e-01
4.815999999999999726e-01
5.031999999999999806e-01
5.546999999999999709e-01
5.278000000000000469e-01
4.529000000000000248e-01
6.433999999999999719e-01
4.812000000000000166e-01
5.194999999999999618e-01
4.862000000000000210e-01
4.601000000000000090e-01
4.974000000000000088e-01
5.379000000000000448e-01
5.265999999999999570e-01
4.712000000000000077e-01
3.914000000000000257e-01
5.399000000000000465e-01
5.545999999999999819e-01
5.420000000000000373e-01
4.354999999999999982e-01
5.184999999999999609e-01
4.410000000000000031e-01
4.546000000000000041e-01
4.400000000000000022e-01
5.621000000000000441e-01
4.618999999999999773e-01
4.611000000000000099e-01
5.041999999999999815e-01
4.326999999999999735e-01
5.318000000000000504e-01
4.788999999999999924e-01
4.766000000000000236e-01
5.308000000000000496e-01
4.229999999999999871e-01
5.642000000000000348e-01
5.305999999999999606e-01
4.641000000000000125e-01
4.875999999999999779e-01
3.715999999999999859e-01
6.862000000000000322e-01
6.000999999999999668e-01
5.588999999999999524e-01
4.953000000000000180e-01
6.147000000000000242e-01
5.018000000000000238e-01
5.425999999999999712e-01
6.368000000000000327e-01
5.729999999999999538e-01
5.571000000000000396e-01
5.382000000000000117e-01
6.006000000000000227e-01
5.898999999999999799e-01
6.179999999999999938e-01
6.569000000000000394e-01
5.545999999999999819e-01
7.765999999999999570e-01
7.909000000000000474e-01
7.178999999999999826e-01
6.463999999999999746e-01
6.616999999999999549e-01
6.675999999999999712e-01
6.102999999999999536e-01
7.747000000000000552e-01
9.759999999999999787e-01
7.094000000000000306e-01
6.693999999999999950e-01
5.620000000000000551e-01
6.957999999999999741e-01
5.977999999999999980e-01
6.986999999999999877e-01
7.331999999999999629e-01
6.127000000000000224e-01
7.375000000000000444e-01
6.754999999999999893e-01
6.855999999999999872e-01
7.315000000000000391e-01
6.881000000000000449e-01
6.542000000000000037e-01
7.096000000000000085e-01
7.511999999999999789e-01
6.981000000000000538e-01
7.641999999999999904e-01
7.730000000000000204e-01
5.776000000000000023e-01
6.554999999999999716e-01
6.895999999999999908e-01
7.499000000000000110e-01
7.501999999999999780e-01
7.448000000000000176e-01
6.422999999999999821e-01
6.168000000000000149e-01
6.105000000000000426e-01
5.521000000000000352e-01
5.248000000000000442e-01
5.625000000000000000e-01
5.877999999999999892e-01
5.994000000000000439e-01
5.084999999999999520e-01
5.027000000000000357e-01
5.081999999999999851e-01
4.777000000000000135e-01
5.752000000000000446e-01
5.178000000000000380e-01
5.135999999999999455e-01
5.671000000000000485e-01
5.252999999999999892e-01
5.345999999999999641e-01
5.241000000000000103e-01
5.144999999999999574e-01
5.149000000000000243e-01
5.275999999999999579e-01
5.162999999999999812e-01
5.867999999999999883e-01
6.362999999999999767e-01
8.433000000000000496e-01
1.062100000000000044e+00
7.245000000000000329e-01
7.213000000000000522e-01
7.458000000000000185e-01
7.798000000000000487e-01
7.284000000000000474e-01
6.866999999999999771e-01
7.956999999999999629e-01
7.986999999999999655e-01
1.109799999999999898e+00
1.049800000000000066e+00
1.010000000000000009e+00
8.332000000000000517e-01
8.279999999999999583e-01
7.047999999999999821e-01
6.944000000000000172e-01
7.658000000000000362e-01
1.334100000000000064e+00
1.720199999999999951e+00
9.029000000000000359e-01
7.643999999999999684e-01
6.421000000000000041e-01
6.686999999999999611e-01
5.834000000000000297e-01
5.581000000000000405e-01
