1.491100000000000092e+00
1.231100000000000083e+00
1.008199999999999985e+00
9.693000000000000504e-01
9.002000000000000002e-01
8.919000000000000261e-01
7.243000000000000549e-01
7.654999999999999583e-01
6.831000000000000405e-01
6.745999999999999774e-01
7.618000000000000327e-01
7.904999999999999805e-01
7.662999999999999812e-01
6.664999999999999813e-01
7.389000000000000012e-01
7.509000000000000119e-01
7.043000000000000371e-01
7.038999999999999702e-01
6.685999999999999721e-01
6.670000000000000373e-01
5.800999999999999490e-01
5.592000000000000304e-01
5.891999999999999460e-01
5.860999999999999543e-01
5.807999999999999829e-01
5.000999999999999890e-01
5.160000000000000142e-01
5.774000000000000243e-01
4.732000000000000095e-01
4.734999999999999765e-01
4.662000000000000033e-01
4.685000000000000275e-01
4.823000000000000065e-01
4.819999999999999840e-01
4.062999999999999945e-01
3.905000000000000138e-01
4.203000000000000069e-01
3.821999999999999842e-01
3.139000000000000123e-01
2.998000000000000109e-01
3.557000000000000162e-01
3.653000000000000136e-01
3.423999999999999821e-01
3.099000000000000088e-01
2.883999999999999897e-01
2.933000000000000052e-01
3.135999999999999899e-01
3.027000000000000246e-01
2.533000000000000251e-01
2.675000000000000155e-01
2.081000000000000072e-01
2.043999999999999984e-01
2.275000000000000078e-01
2.572999999999999732e-01
1.771999999999999964e-01
2.737999999999999878e-01
2.505000000000000004e-01
2.500999999999999890e-01
2.409000000000000030e-01
2.111999999999999988e-01
2.310000000000000109e-01
2.109000000000000041e-01
2.069000000000000006e-01
2.270000000000000073e-01
2.513000000000000234e-01
2.124000000000000055e-01
2.340000000000000135e-01
1.791999999999999982e-01
1.870999999999999885e-01
1.834999999999999964e-01
1.509000000000000064e-01
1.796000000000000096e-01
1.555999999999999883e-01
1.565999999999999892e-01
1.353000000000000036e-01
1.741999999999999937e-01
1.469000000000000028e-01
1.630000000000000060e-01
1.111000000000000043e-01
1.453000000000000125e-01
1.129000000000000004e-01
1.728999999999999981e-01
1.026999999999999996e-01
1.300000000000000044e-01
1.015999999999999959e-01
1.577000000000000068e-01
1.625999999999999945e-01
1.317000000000000115e-01
1.165000000000000063e-01
9.950000000000000511e-02
1.067000000000000032e-01
1.252000000000000057e-01
1.307999999999999996e-01
1.290000000000000036e-01
1.170000000000000068e-01
1.456000000000000072e-01
1.350000000000000089e-01
8.759999999999999731e-02
8.820000000000000062e-02
1.127999999999999975e-01
1.552000000000000046e-01
6.690000000000000113e-02
7.630000000000000671e-02
8.619999999999999885e-02
8.699999999999999400e-02
1.270000000000000018e-01
9.379999999999999449e-02
1.019999999999999934e-01
7.879999999999999505e-02
8.039999999999999925e-02
8.250000000000000389e-02
6.619999999999999496e-02
1.060999999999999999e-01
9.039999999999999425e-02
8.759999999999999731e-02
9.829999999999999849e-02
1.005000000000000060e-01
7.299999999999999545e-02
8.949999999999999623e-02
1.260000000000000009e-01
8.119999999999999440e-02
8.730000000000000260e-02
9.760000000000000620e-02
8.359999999999999376e-02
7.439999999999999392e-02
8.780000000000000304e-02
8.959999999999999909e-02
8.269999999999999574e-02
8.319999999999999618e-02
8.200000000000000344e-02
9.130000000000000615e-02
7.779999999999999416e-02
7.870000000000000606e-02
6.099999999999999867e-02
6.199999999999999956e-02
9.170000000000000373e-02
8.240000000000000102e-02
8.240000000000000102e-02
8.400000000000000522e-02
6.819999999999999674e-02
8.550000000000000655e-02
7.399999999999999634e-02
6.809999999999999387e-02
7.979999999999999594e-02
7.649999999999999856e-02
7.549999999999999767e-02
7.639999999999999569e-02
8.150000000000000300e-02
7.399999999999999634e-02
6.049999999999999822e-02
5.469999999999999862e-02
4.529999999999999999e-02
4.209999999999999853e-02
5.059999999999999915e-02
9.639999999999999958e-02
5.390000000000000346e-02
5.739999999999999963e-02
5.179999999999999882e-02
4.499999999999999833e-02
5.909999999999999976e-02
5.940000000000000141e-02
6.389999999999999847e-02
6.149999999999999911e-02
6.579999999999999738e-02
4.440000000000000197e-02
4.209999999999999853e-02
5.800000000000000294e-02
6.010000000000000064e-02
4.460000000000000075e-02
5.750000000000000250e-02
4.830000000000000265e-02
5.090000000000000080e-02
4.680000000000000132e-02
6.539999999999999980e-02
4.540000000000000285e-02
4.329999999999999821e-02
4.080000000000000293e-02
4.599999999999999922e-02
3.950000000000000039e-02
7.489999999999999436e-02
5.099999999999999672e-02
3.889999999999999708e-02
6.389999999999999847e-02
5.000000000000000278e-02
4.120000000000000051e-02
4.780000000000000221e-02
3.160000000000000309e-02
4.359999999999999987e-02
3.939999999999999752e-02
3.559999999999999970e-02
2.850000000000000103e-02
4.870000000000000023e-02
4.240000000000000019e-02
4.460000000000000075e-02
4.479999999999999954e-02
4.329999999999999821e-02
4.279999999999999777e-02
6.980000000000000093e-02
4.000000000000000083e-02
4.229999999999999732e-02
6.469999999999999363e-02
3.200000000000000067e-02
4.089999999999999886e-02
2.750000000000000014e-02
2.769999999999999893e-02
3.239999999999999825e-02
3.400000000000000244e-02
3.470000000000000168e-02
3.109999999999999917e-02
3.740000000000000269e-02
2.510000000000000078e-02
4.229999999999999732e-02
4.080000000000000293e-02
5.040000000000000036e-02
3.559999999999999970e-02
3.649999999999999772e-02
4.989999999999999991e-02
3.810000000000000192e-02
4.610000000000000209e-02
5.009999999999999870e-02
4.290000000000000063e-02
5.260000000000000092e-02
4.929999999999999660e-02
3.269999999999999990e-02
2.390000000000000110e-02
3.359999999999999792e-02
4.800000000000000100e-02
3.509999999999999926e-02
3.869999999999999829e-02
3.189999999999999780e-02
3.230000000000000232e-02
5.890000000000000097e-02
3.509999999999999926e-02
3.679999999999999938e-02
2.970000000000000070e-02
3.540000000000000091e-02
4.080000000000000293e-02
2.639999999999999986e-02
2.220000000000000098e-02
4.590000000000000330e-02
4.089999999999999886e-02
3.309999999999999748e-02
2.759999999999999953e-02
3.579999999999999849e-02
3.219999999999999946e-02
4.120000000000000051e-02
3.080000000000000099e-02
3.429999999999999716e-02
2.939999999999999905e-02
3.400000000000000244e-02
2.740000000000000074e-02
2.920000000000000026e-02
3.969999999999999918e-02
3.729999999999999982e-02
2.460000000000000034e-02
3.910000000000000281e-02
2.779999999999999832e-02
5.109999999999999959e-02
4.109999999999999765e-02
2.220000000000000098e-02
2.170000000000000054e-02
3.049999999999999933e-02
2.999999999999999889e-02
3.330000000000000321e-02
4.200000000000000261e-02
3.070000000000000159e-02
4.329999999999999821e-02
3.389999999999999958e-02
3.520000000000000212e-02
2.840000000000000163e-02
3.950000000000000039e-02
2.199999999999999872e-02
2.769999999999999893e-02
3.690000000000000224e-02
4.059999999999999720e-02
3.359999999999999792e-02
2.740000000000000074e-02
1.640000000000000138e-02
3.409999999999999837e-02
2.000000000000000042e-02
1.729999999999999941e-02
2.359999999999999945e-02
3.359999999999999792e-02
2.469999999999999973e-02
3.960000000000000325e-02
3.150000000000000022e-02
7.380000000000000449e-02
3.169999999999999901e-02
1.580000000000000154e-02
1.629999999999999852e-02
1.980000000000000163e-02
2.270000000000000143e-02
2.280000000000000082e-02
3.330000000000000321e-02
2.040000000000000147e-02
2.210000000000000159e-02
2.419999999999999929e-02
2.170000000000000054e-02
3.350000000000000200e-02
3.570000000000000256e-02
2.779999999999999832e-02
2.479999999999999913e-02
2.149999999999999828e-02
4.700000000000000011e-02
3.980000000000000204e-02
3.379999999999999671e-02
1.729999999999999941e-02
2.670000000000000151e-02
2.079999999999999905e-02
2.149999999999999828e-02
1.859999999999999848e-02
3.579999999999999849e-02
2.400000000000000050e-02
1.820000000000000090e-02
2.069999999999999965e-02
1.689999999999999836e-02
2.129999999999999949e-02
2.409999999999999989e-02
2.819999999999999937e-02
4.410000000000000031e-02
1.940000000000000058e-02
3.259999999999999704e-02
1.629999999999999852e-02
1.839999999999999969e-02
2.050000000000000086e-02
1.600000000000000033e-02
1.280000000000000061e-02
1.310000000000000053e-02
1.379999999999999977e-02
1.779999999999999985e-02
1.919999999999999832e-02
1.319999999999999993e-02
1.580000000000000154e-02
2.580000000000000002e-02
2.469999999999999973e-02
2.210000000000000159e-02
2.489999999999999852e-02
2.440000000000000155e-02
2.100000000000000130e-02
2.409999999999999989e-02
1.959999999999999937e-02
2.659999999999999865e-02
1.580000000000000154e-02
1.880000000000000074e-02
2.040000000000000147e-02
3.429999999999999716e-02
1.760000000000000106e-02
1.609999999999999973e-02
2.270000000000000143e-02
1.849999999999999908e-02
2.409999999999999989e-02
2.290000000000000022e-02
1.739999999999999880e-02
4.179999999999999688e-02
2.009999999999999981e-02
2.419999999999999929e-02
2.380000000000000171e-02
2.680000000000000090e-02
1.980000000000000163e-02
3.379999999999999671e-02
3.509999999999999926e-02
2.809999999999999998e-02
4.050000000000000128e-02
2.929999999999999966e-02
2.000000000000000042e-02
4.379999999999999866e-02
3.209999999999999659e-02
6.550000000000000266e-02
4.950000000000000233e-02
2.050000000000000086e-02
1.770000000000000046e-02
1.779999999999999985e-02
4.019999999999999962e-02
3.839999999999999664e-02
2.089999999999999844e-02
1.859999999999999848e-02
2.860000000000000042e-02
2.019999999999999921e-02
3.409999999999999837e-02
6.410000000000000420e-02
4.519999999999999712e-02
2.029999999999999860e-02
2.000000000000000042e-02
5.040000000000000036e-02
5.510000000000000314e-02
4.610000000000000209e-02
3.300000000000000155e-02
3.549999999999999684e-02
2.910000000000000087e-02
3.880000000000000115e-02
4.229999999999999732e-02
4.549999999999999878e-02
4.599999999999999922e-02
3.729999999999999982e-02
3.359999999999999792e-02
3.109999999999999917e-02
4.989999999999999991e-02
1.968000000000000027e-01
4.703999999999999848e-01
2.179699999999999971e+00
1.688000000000000056e-01
6.400000000000000307e-03
1.299999999999999940e-03
1.199999999999999895e-03
1.149999999999999981e-02
6.519999999999999407e-02
1.660000000000000017e-02
8.699999999999999400e-03
1.549999999999999989e-02
3.169999999999999901e-02
2.690000000000000030e-02
2.989999999999999949e-02
2.980000000000000010e-02
3.989999999999999797e-02
2.079999999999999905e-02
5.619999999999999996e-02
5.720000000000000084e-02
6.930000000000000049e-02
5.390000000000000346e-02
8.400000000000000522e-02
8.820000000000000062e-02
9.030000000000000526e-02
1.640000000000000069e-01
7.470000000000000251e-02
8.519999999999999796e-02
1.018000000000000016e-01
1.247000000000000053e-01
1.426999999999999935e-01
7.259999999999999787e-02
2.381000000000000061e-01
2.172999999999999932e-01
9.579999999999999627e-02
2.249999999999999917e-02
1.199999999999999956e-01
4.279999999999999777e-02
9.450000000000000067e-02
7.670000000000000429e-02
1.456000000000000072e-01
9.110000000000000042e-02
1.295999999999999930e-01
1.844000000000000083e-01
4.017999999999999905e-01
4.515000000000000124e-01
7.311999999999999611e-01
4.130000000000000338e-02
3.740000000000000269e-02
1.416000000000000036e-01
3.200000000000000067e-02
5.559999999999999665e-02
4.859999999999999737e-02
1.142999999999999988e-01
9.879999999999999893e-02
1.365000000000000102e-01
1.713000000000000078e-01
2.346000000000000030e-01
1.496000000000000107e-01
7.080000000000000182e-02
7.539999999999999480e-02
7.710000000000000187e-02
1.355999999999999983e-01
9.130000000000000615e-02
1.123999999999999999e-01
1.852999999999999925e-01
1.957000000000000128e-01
1.140999999999999931e-01
2.353999999999999981e-01
2.690000000000000169e-01
5.659999999999999754e-02
1.584000000000000130e-01
1.260999999999999899e-01
6.410000000000000420e-02
8.390000000000000235e-02
1.101000000000000034e-01
1.274000000000000132e-01
1.768000000000000127e-01
1.605000000000000038e-01
1.307000000000000106e-01
1.373000000000000054e-01
1.097999999999999948e-01
1.025999999999999968e-01
1.610999999999999932e-01
2.349999999999999867e-01
1.083999999999999964e-01
1.180999999999999966e-01
8.559999999999999554e-02
1.086000000000000021e-01
1.081000000000000016e-01
9.389999999999999736e-02
1.413999999999999979e-01
1.100000000000000006e-01
9.239999999999999603e-02
1.000999999999999945e-01
5.630000000000000282e-02
1.024999999999999939e-01
1.283999999999999864e-01
1.365999999999999992e-01
1.476999999999999980e-01
1.295999999999999930e-01
1.131999999999999951e-01
1.270000000000000018e-01
1.212000000000000022e-01
1.057000000000000023e-01
1.097999999999999948e-01
1.146999999999999964e-01
1.424999999999999878e-01
2.353999999999999981e-01
1.721000000000000030e-01
1.123999999999999999e-01
7.549999999999999767e-02
7.639999999999999569e-02
7.620000000000000384e-02
7.639999999999999569e-02
6.750000000000000444e-02
1.456999999999999962e-01
9.039999999999999425e-02
1.287000000000000088e-01
2.609000000000000208e-01
8.257999999999999785e-01
6.277000000000000357e-01
1.754000000000000004e-01
3.110999999999999877e-01
2.280000000000000082e-02
1.711000000000000021e-01
5.419999999999999818e-02
7.059999999999999609e-02
7.069999999999999896e-02
9.740000000000000047e-02
5.539999999999999786e-02
1.300999999999999934e-01
1.411000000000000032e-01
1.224999999999999978e-01
1.151999999999999968e-01
1.670000000000000095e-01
8.000000000000000167e-02
1.313000000000000000e-01
1.849999999999999978e-01
9.840000000000000135e-02
6.289999999999999758e-02
9.500000000000000111e-02
1.118999999999999995e-01
9.650000000000000244e-02
1.100000000000000006e-01
1.063999999999999946e-01
9.760000000000000620e-02
1.082000000000000045e-01
8.640000000000000457e-02
5.249999999999999806e-02
1.095000000000000001e-01
4.270000000000000184e-02
7.370000000000000162e-02
1.078999999999999959e-01
1.894000000000000128e-01
1.597999999999999976e-01
1.990000000000000102e-02
7.249999999999999500e-02
4.320000000000000229e-02
5.059999999999999915e-02
6.629999999999999782e-02
6.029999999999999943e-02
7.299999999999999545e-02
5.040000000000000036e-02
8.559999999999999554e-02
9.600000000000000200e-02
5.149999999999999717e-02
7.649999999999999856e-02
7.149999999999999412e-02
7.739999999999999658e-02
8.050000000000000211e-02
6.550000000000000266e-02
5.999999999999999778e-02
8.290000000000000147e-02
7.259999999999999787e-02
4.789999999999999813e-02
8.240000000000000102e-02
1.121000000000000052e-01
1.754999999999999893e-01
6.769999999999999629e-02
3.370000000000000079e-02
3.590000000000000135e-02
2.889999999999999861e-02
4.220000000000000140e-02
8.089999999999999969e-02
5.500000000000000028e-02
6.890000000000000291e-02
5.920000000000000262e-02
3.849999999999999950e-02
5.700000000000000205e-02
6.289999999999999758e-02
3.350000000000000200e-02
5.369999999999999774e-02
5.770000000000000129e-02
6.550000000000000266e-02
6.439999999999999891e-02
8.140000000000000013e-02
6.040000000000000230e-02
6.110000000000000153e-02
4.599999999999999922e-02
4.929999999999999660e-02
6.410000000000000420e-02
6.980000000000000093e-02
5.739999999999999963e-02
5.050000000000000322e-02
5.909999999999999976e-02
3.590000000000000135e-02
2.869999999999999982e-02
3.740000000000000269e-02
7.639999999999999569e-02
6.379999999999999560e-02
4.270000000000000184e-02
6.969999999999999807e-02
5.659999999999999754e-02
3.819999999999999785e-02
2.520000000000000018e-02
6.450000000000000178e-02
5.979999999999999899e-02
9.139999999999999514e-02
5.449999999999999983e-02
4.080000000000000293e-02
3.239999999999999825e-02
3.880000000000000115e-02
3.020000000000000115e-02
7.520000000000000295e-02
4.889999999999999902e-02
4.590000000000000330e-02
9.020000000000000240e-02
4.639999999999999680e-02
2.680000000000000090e-02
2.589999999999999941e-02
2.680000000000000090e-02
5.670000000000000040e-02
2.529999999999999957e-02
2.850000000000000103e-02
5.739999999999999963e-02
5.879999999999999810e-02
2.299999999999999961e-02
2.980000000000000010e-02
3.330000000000000321e-02
5.190000000000000169e-02
5.759999999999999842e-02
3.570000000000000256e-02
3.059999999999999873e-02
2.819999999999999937e-02
8.749999999999999445e-02
5.059999999999999915e-02
4.009999999999999676e-02
1.460000000000000013e-02
2.489999999999999852e-02
3.839999999999999664e-02
5.229999999999999927e-02
5.229999999999999927e-02
1.034999999999999948e-01
4.030000000000000249e-02
5.589999999999999830e-02
3.269999999999999990e-02
5.220000000000000334e-02
6.950000000000000622e-02
6.119999999999999746e-02
3.570000000000000256e-02
4.009999999999999676e-02
4.019999999999999962e-02
5.489999999999999741e-02
2.630000000000000046e-02
3.359999999999999792e-02
3.570000000000000256e-02
3.059999999999999873e-02
3.150000000000000022e-02
3.330000000000000321e-02
2.270000000000000143e-02
3.259999999999999704e-02
8.010000000000000453e-02
2.510000000000000078e-02
2.009999999999999981e-02
2.719999999999999848e-02
3.690000000000000224e-02
5.330000000000000016e-02
2.829999999999999877e-02
2.520000000000000018e-02
2.680000000000000090e-02
3.860000000000000236e-02
3.169999999999999901e-02
4.639999999999999680e-02
1.569999999999999868e-02
3.570000000000000256e-02
2.510000000000000078e-02
2.450000000000000094e-02
2.160000000000000114e-02
4.660000000000000253e-02
3.400000000000000244e-02
3.429999999999999716e-02
2.290000000000000022e-02
5.639999999999999875e-02
3.760000000000000148e-02
4.970000000000000112e-02
2.450000000000000094e-02
3.300000000000000155e-02
2.740000000000000074e-02
2.769999999999999893e-02
2.920000000000000026e-02
2.299999999999999961e-02
2.009999999999999981e-02
3.080000000000000099e-02
1.590000000000000094e-02
2.230000000000000038e-02
2.989999999999999949e-02
2.290000000000000022e-02
3.590000000000000135e-02
2.149999999999999828e-02
2.409999999999999989e-02
3.599999999999999728e-02
2.879999999999999921e-02
1.179999999999999973e-02
1.280000000000000061e-02
1.490000000000000005e-02
9.499999999999999764e-03
1.930000000000000118e-02
1.460000000000000013e-02
2.160000000000000114e-02
3.059999999999999873e-02
1.499999999999999944e-02
1.830000000000000029e-02
2.069999999999999965e-02
1.460000000000000013e-02
2.050000000000000086e-02
1.389999999999999916e-02
1.260000000000000009e-02
1.069999999999999944e-02
1.129999999999999928e-02
1.499999999999999944e-02
1.529999999999999936e-02
1.549999999999999989e-02
1.940000000000000058e-02
1.340000000000000045e-02
1.789999999999999925e-02
1.389999999999999916e-02
1.679999999999999896e-02
2.160000000000000114e-02
1.580000000000000154e-02
2.929999999999999966e-02
2.089999999999999844e-02
1.739999999999999880e-02
1.209999999999999964e-02
2.850000000000000103e-02
1.529999999999999936e-02
1.250000000000000069e-02
2.549999999999999836e-02
1.529999999999999936e-02
1.549999999999999989e-02
1.149999999999999981e-02
2.139999999999999888e-02
1.050000000000000065e-02
1.409999999999999969e-02
1.119999999999999989e-02
1.650000000000000078e-02
1.450000000000000074e-02
2.040000000000000147e-02
1.870000000000000134e-02
1.409999999999999969e-02
1.329999999999999932e-02
1.190000000000000085e-02
1.299999999999999940e-02
1.149999999999999981e-02
1.250000000000000069e-02
2.840000000000000163e-02
1.050000000000000065e-02
9.400000000000000369e-03
4.970000000000000112e-02
1.820000000000000090e-02
2.850000000000000103e-02
1.540000000000000049e-02
1.720000000000000001e-02
1.310000000000000053e-02
1.379999999999999977e-02
1.969999999999999876e-02
3.280000000000000276e-02
4.070000000000000007e-02
4.939999999999999947e-02
1.959999999999999937e-02
1.329999999999999932e-02
1.600000000000000033e-02
1.770000000000000046e-02
1.510000000000000057e-02
4.649999999999999967e-02
2.539999999999999897e-02
1.600000000000000033e-02
6.700000000000000400e-02
1.739999999999999880e-02
2.040000000000000147e-02
1.830000000000000029e-02
2.079999999999999905e-02
2.589999999999999941e-02
2.230000000000000038e-02
2.429999999999999868e-02
2.079999999999999905e-02
3.109999999999999917e-02
1.540000000000000049e-02
2.000000000000000042e-02
1.760000000000000106e-02
2.029999999999999860e-02
6.429999999999999605e-02
5.090000000000000080e-02
1.329999999999999932e-02
2.280000000000000082e-02
1.529999999999999936e-02
4.290000000000000063e-02
2.110000000000000070e-02
2.529999999999999957e-02
3.039999999999999994e-02
3.339999999999999913e-02
3.219999999999999946e-02
3.420000000000000123e-02
2.520000000000000018e-02
4.299999999999999656e-02
2.779999999999999832e-02
6.489999999999999936e-02
5.269999999999999685e-02
2.309999999999999901e-02
2.419999999999999929e-02
2.340000000000000066e-02
2.529999999999999957e-02
5.960000000000000020e-02
3.849999999999999950e-02
7.309999999999999831e-02
9.149999999999999800e-02
5.970000000000000306e-02
1.145999999999999935e-01
1.859999999999999848e-02
8.169999999999999485e-02
2.910000000000000087e-02
4.800000000000000100e-02
1.480000000000000066e-02
3.749999999999999861e-02
1.329999999999999932e-02
2.740000000000000074e-02
1.859999999999999848e-02
3.189999999999999780e-02
3.400000000000000244e-02
7.439999999999999392e-02
2.740000000000000074e-02
2.920000000000000026e-02
8.250000000000000389e-02
8.069999999999999396e-02
3.219999999999999946e-02
3.780000000000000027e-02
1.499999999999999944e-02
1.969999999999999876e-02
2.819999999999999937e-02
1.030000000000000013e-02
2.469999999999999973e-02
4.030000000000000249e-02
8.329999999999999905e-02
8.350000000000000477e-02
2.900000000000000147e-02
3.150000000000000022e-02
2.889999999999999861e-02
1.919999999999999832e-02
1.580000000000000154e-02
1.580000000000000154e-02
4.000000000000000083e-02
3.500000000000000333e-02
2.589999999999999941e-02
5.759999999999999842e-02
5.449999999999999983e-02
4.909999999999999781e-02
3.529999999999999805e-02
2.079999999999999905e-02
1.400000000000000029e-02
1.450000000000000074e-02
1.580000000000000154e-02
2.179999999999999993e-02
1.799999999999999864e-02
4.259999999999999898e-02
7.510000000000000009e-02
6.450000000000000178e-02
7.299999999999999545e-02
5.899999999999999689e-02
5.249999999999999806e-02
1.789999999999999925e-02
2.970000000000000070e-02
2.330000000000000127e-02
7.420000000000000207e-02
6.950000000000000622e-02
8.599999999999999312e-02
6.829999999999999960e-02
1.241000000000000020e-01
1.145999999999999935e-01
6.189999999999999669e-02
1.580000000000000154e-02
9.299999999999999239e-03
4.030000000000000249e-02
1.839999999999999969e-02
2.889999999999999861e-02
2.769999999999999893e-02
3.130000000000000143e-02
5.299999999999999850e-02
8.160000000000000586e-02
1.064999999999999974e-01
2.444999999999999951e-01
3.478999999999999870e-01
1.077099999999999946e+00
4.309999999999999942e-01
1.630999999999999950e-01
2.470999999999999863e-01
2.806000000000000161e-01
1.570000000000000007e-01
1.202000000000000013e-01
1.008000000000000007e-01
3.579999999999999849e-02
9.220000000000000417e-02
1.232000000000000040e-01
1.136999999999999955e-01
1.562999999999999945e-01
2.775000000000000244e-01
2.278000000000000025e-01
2.499000000000000110e-01
4.159999999999999809e-02
1.527000000000000024e-01
2.023999999999999966e-01
2.074000000000000010e-01
3.574999999999999845e-01
2.034999999999999865e-01
1.277999999999999969e-01
1.010999999999999954e-01
1.009000000000000036e-01
1.814000000000000057e-01
4.052000000000000046e-01
1.870600000000000041e+00
7.111399999999999721e+00
6.785999999999999810e-01
3.533000000000000029e-01
4.863999999999999990e-01
2.298999999999999932e-01
1.693999999999999950e-01
1.610999999999999932e-01
2.099999999999999922e-01
1.710000000000000131e-01
2.793999999999999817e-01
2.607999999999999763e-01
1.569000000000000117e-01
1.710000000000000131e-01
1.933999999999999886e-01
1.408999999999999975e-01
1.229999999999999982e-01
1.655000000000000082e-01
1.622999999999999998e-01
1.315999999999999948e-01
1.701999999999999902e-01
1.232000000000000040e-01
1.806000000000000105e-01
1.403999999999999970e-01
1.920999999999999930e-01
2.243999999999999884e-01
1.428000000000000103e-01
2.215999999999999914e-01
3.079000000000000070e-01
1.927000000000000102e-01
2.129999999999999949e-01
1.315999999999999948e-01
1.338999999999999913e-01
1.512999999999999901e-01
1.784999999999999920e-01
1.822999999999999898e-01
1.660999999999999976e-01
2.646999999999999909e-01
2.606999999999999873e-01
1.857999999999999929e-01
2.210999999999999910e-01
1.801999999999999991e-01
1.938999999999999890e-01
1.370999999999999996e-01
2.031999999999999917e-01
2.690000000000000169e-01
2.586999999999999855e-01
2.582999999999999741e-01
2.097999999999999865e-01
1.826000000000000123e-01
1.165999999999999953e-01
1.166999999999999982e-01
1.292999999999999983e-01
1.630999999999999950e-01
1.822999999999999898e-01
2.003999999999999948e-01
1.746000000000000052e-01
1.431000000000000050e-01
2.366000000000000048e-01
3.415000000000000258e-01
4.413000000000000256e-01
3.160999999999999921e-01
1.968999999999999917e-01
8.830000000000000349e-02
1.217000000000000026e-01
1.355999999999999983e-01
1.274000000000000132e-01
1.297999999999999987e-01
1.962000000000000133e-01
2.056000000000000050e-01
1.496000000000000107e-01
1.821000000000000119e-01
9.170000000000000373e-02
1.238999999999999962e-01
1.895999999999999908e-01
2.572999999999999732e-01
1.685999999999999999e-01
2.459999999999999964e-01
2.838999999999999857e-01
2.516999999999999793e-01
2.152999999999999914e-01
2.587999999999999745e-01
1.595999999999999919e-01
1.787999999999999867e-01
1.582000000000000073e-01
1.234999999999999987e-01
1.489000000000000046e-01
1.087999999999999939e-01
1.773000000000000131e-01
1.572000000000000064e-01
2.335000000000000131e-01
5.930999999999999606e-01
1.379299999999999971e+00
4.205799999999999983e+00
6.930000000000000049e-02
8.157999999999999696e-01
1.728999999999999981e-01
3.375000000000000222e-01
3.215000000000000080e-01
4.378000000000000225e-01
4.611000000000000099e-01
7.070999999999999508e-01
7.840000000000000302e-01
4.902000000000000246e-01
3.181999999999999829e-01
2.441000000000000114e-01
1.778000000000000136e-01
1.832000000000000017e-01
2.217999999999999972e-01
1.204999999999999960e-01
1.479000000000000037e-01
1.413999999999999979e-01
1.572999999999999954e-01
2.165999999999999870e-01
2.235999999999999932e-01
2.185999999999999888e-01
2.398000000000000131e-01
2.442999999999999894e-01
1.875000000000000000e-01
1.673000000000000043e-01
1.537000000000000033e-01
1.363999999999999935e-01
1.927999999999999992e-01
2.038999999999999979e-01
2.096000000000000085e-01
2.038999999999999979e-01
1.885000000000000009e-01
2.107999999999999874e-01
2.119999999999999940e-01
2.644000000000000239e-01
1.937000000000000111e-01
1.458000000000000129e-01
1.307999999999999996e-01
1.337000000000000133e-01
1.647000000000000131e-01
1.928999999999999881e-01
1.428000000000000103e-01
1.139000000000000012e-01
2.585000000000000075e-01
1.932999999999999996e-01
2.248999999999999888e-01
2.531999999999999806e-01
3.301999999999999935e-01
3.664999999999999925e-01
6.393999999999999684e-01
1.587000000000000077e-01
3.391000000000000125e-01
3.653000000000000136e-01
1.925999999999999934e-01
1.108100000000000085e+00
3.159600000000000186e+00
1.335999999999999965e-01
1.223600000000000021e+00
4.722000000000000086e-01
2.726999999999999980e-01
5.795000000000000151e-01
3.088000000000000189e-01
1.315000000000000058e-01
1.501000000000000112e-01
1.794000000000000039e-01
1.337000000000000133e-01
1.408000000000000085e-01
1.082999999999999935e-01
2.247000000000000108e-01
1.680999999999999994e-01
2.800000000000000266e-01
4.532999999999999807e-01
3.856999999999999873e-01
4.830999999999999739e-01
2.472999999999999921e-01
1.184000000000000052e-01
1.537000000000000033e-01
1.333000000000000018e-01
1.333000000000000018e-01
1.509999999999999953e-01
1.577999999999999958e-01
1.565000000000000002e-01
1.252000000000000057e-01
1.723999999999999977e-01
1.034000000000000058e-01
1.101000000000000034e-01
1.458000000000000129e-01
2.117999999999999883e-01
1.658999999999999919e-01
2.016000000000000014e-01
2.928999999999999937e-01
3.276000000000000023e-01
2.381999999999999951e-01
1.248999999999999971e-01
1.499999999999999944e-01
1.351999999999999869e-01
1.522999999999999909e-01
2.000000000000000111e-01
2.119000000000000050e-01
9.479999999999999538e-02
1.459000000000000019e-01
1.577000000000000068e-01
1.280999999999999917e-01
1.451999999999999957e-01
7.309999999999999831e-02
1.213999999999999940e-01
1.330999999999999961e-01
1.068999999999999950e-01
1.095000000000000001e-01
1.390000000000000124e-01
1.549000000000000099e-01
8.649999999999999356e-02
1.464999999999999913e-01
1.625000000000000056e-01
1.190999999999999975e-01
1.585999999999999910e-01
1.512000000000000011e-01
2.021999999999999909e-01
1.236000000000000015e-01
1.257000000000000062e-01
8.350000000000000477e-02
7.090000000000000469e-02
1.010000000000000064e-01
9.750000000000000333e-02
1.071000000000000008e-01
9.139999999999999514e-02
1.395000000000000129e-01
1.426999999999999935e-01
1.655000000000000082e-01
1.218000000000000055e-01
1.077000000000000041e-01
1.058000000000000052e-01
8.400000000000000522e-02
1.121000000000000052e-01
1.199999999999999956e-01
1.431999999999999940e-01
1.318000000000000005e-01
1.743999999999999995e-01
1.024999999999999939e-01
1.146999999999999964e-01
1.205999999999999989e-01
1.280999999999999917e-01
1.084999999999999992e-01
1.187000000000000000e-01
1.348999999999999921e-01
1.645000000000000073e-01
1.001999999999999974e-01
9.790000000000000091e-02
5.990000000000000185e-02
5.229999999999999927e-02
7.359999999999999876e-02
6.260000000000000286e-02
8.200000000000000344e-02
5.340000000000000302e-02
7.430000000000000493e-02
6.389999999999999847e-02
1.202000000000000013e-01
8.680000000000000215e-02
5.709999999999999798e-02
1.132999999999999979e-01
1.238999999999999962e-01
2.020000000000000129e-01
2.097999999999999865e-01
2.662999999999999812e-01
6.389999999999999847e-02
1.039000000000000062e-01
7.969999999999999307e-02
8.809999999999999776e-02
1.300999999999999934e-01
1.288999999999999868e-01
1.145000000000000046e-01
1.175999999999999962e-01
1.125000000000000028e-01
6.900000000000000577e-02
9.539999999999999869e-02
9.410000000000000309e-02
9.080000000000000571e-02
1.255999999999999894e-01
1.232000000000000040e-01
7.810000000000000275e-02
5.430000000000000104e-02
9.819999999999999563e-02
7.090000000000000469e-02
9.059999999999999998e-02
1.035999999999999976e-01
9.969999999999999696e-02
6.500000000000000222e-02
1.039000000000000062e-01
1.252000000000000057e-01
5.469999999999999862e-02
8.140000000000000013e-02
7.749999999999999944e-02
1.032000000000000001e-01
9.859999999999999321e-02
1.127999999999999975e-01
7.499999999999999722e-02
7.380000000000000449e-02
5.090000000000000080e-02
6.230000000000000121e-02
6.529999999999999694e-02
4.859999999999999737e-02
5.419999999999999818e-02
5.550000000000000072e-02
1.091000000000000025e-01
6.479999999999999649e-02
7.309999999999999831e-02
5.840000000000000052e-02
9.030000000000000526e-02
1.037000000000000005e-01
5.099999999999999672e-02
5.899999999999999689e-02
5.779999999999999721e-02
8.329999999999999905e-02
6.110000000000000153e-02
6.600000000000000311e-02
7.699999999999999900e-02
8.200000000000000344e-02
5.929999999999999855e-02
2.137000000000000011e-01
8.790000000000000591e-02
5.099999999999999672e-02
5.299999999999999850e-02
4.920000000000000068e-02
8.309999999999999332e-02
5.990000000000000185e-02
8.319999999999999618e-02
1.386999999999999900e-01
6.569999999999999452e-02
7.359999999999999876e-02
1.034999999999999948e-01
