1.761500000000000066e+00
1.269800000000000040e+00
1.066300000000000026e+00
9.210000000000000409e-01
8.062000000000000277e-01
8.243000000000000327e-01
7.551999999999999824e-01
6.472999999999999865e-01
6.802000000000000268e-01
6.554999999999999716e-01
6.826999999999999735e-01
6.573999999999999844e-01
6.694999999999999840e-01
7.845999999999999641e-01
7.366000000000000325e-01
6.012999999999999456e-01
5.790999999999999481e-01
5.269000000000000350e-01
4.610000000000000209e-01
4.277000000000000246e-01
5.658999999999999586e-01
4.537999999999999812e-01
4.858000000000000096e-01
4.556999999999999940e-01
4.970999999999999863e-01
4.812000000000000166e-01
5.123999999999999666e-01
4.484000000000000208e-01
4.515000000000000124e-01
4.162000000000000144e-01
4.959000000000000075e-01
4.205999999999999739e-01
4.097000000000000086e-01
4.689999999999999725e-01
3.820000000000000062e-01
3.381000000000000116e-01
3.035999999999999810e-01
4.118999999999999884e-01
3.155999999999999917e-01
2.866000000000000214e-01
3.484999999999999765e-01
3.551000000000000267e-01
2.906000000000000250e-01
3.371000000000000107e-01
3.153000000000000247e-01
3.331999999999999962e-01
2.733999999999999764e-01
2.607999999999999763e-01
2.306999999999999884e-01
2.585000000000000075e-01
2.467000000000000026e-01
2.343000000000000083e-01
2.356000000000000039e-01
2.873999999999999888e-01
2.642999999999999794e-01
2.581999999999999851e-01
2.376000000000000056e-01
1.744999999999999885e-01
1.666999999999999871e-01
1.652000000000000135e-01
1.975000000000000089e-01
1.907999999999999974e-01
1.688999999999999946e-01
2.162999999999999923e-01
2.358000000000000096e-01
1.663000000000000034e-01
2.313000000000000056e-01
1.718000000000000083e-01
1.726000000000000034e-01
1.867000000000000048e-01
1.600999999999999923e-01
1.716000000000000025e-01
1.678000000000000047e-01
1.514999999999999958e-01
1.701999999999999902e-01
1.378000000000000058e-01
2.268000000000000016e-01
1.933999999999999886e-01
1.633000000000000007e-01
1.512000000000000011e-01
1.199000000000000066e-01
1.072000000000000036e-01
1.126999999999999946e-01
1.645999999999999963e-01
1.302999999999999992e-01
1.461000000000000076e-01
1.310999999999999943e-01
1.232000000000000040e-01
1.269000000000000128e-01
1.252999999999999947e-01
1.102999999999999953e-01
1.132999999999999979e-01
1.310000000000000053e-01
1.053999999999999937e-01
9.470000000000000639e-02
9.080000000000000571e-02
8.740000000000000546e-02
1.290999999999999925e-01
8.260000000000000675e-02
8.690000000000000502e-02
9.089999999999999469e-02
9.130000000000000615e-02
7.900000000000000078e-02
7.280000000000000360e-02
8.079999999999999682e-02
1.025999999999999968e-01
9.840000000000000135e-02
6.779999999999999916e-02
9.550000000000000155e-02
8.169999999999999485e-02
9.160000000000000087e-02
8.930000000000000437e-02
8.690000000000000502e-02
7.660000000000000142e-02
8.050000000000000211e-02
9.429999999999999494e-02
9.110000000000000042e-02
8.909999999999999865e-02
9.560000000000000442e-02
9.979999999999999982e-02
9.479999999999999538e-02
7.670000000000000429e-02
5.970000000000000306e-02
7.009999999999999565e-02
7.920000000000000651e-02
6.350000000000000089e-02
8.759999999999999731e-02
7.470000000000000251e-02
6.130000000000000032e-02
6.400000000000000133e-02
6.419999999999999318e-02
6.160000000000000198e-02
8.419999999999999707e-02
1.035999999999999976e-01
6.640000000000000069e-02
7.520000000000000295e-02
6.279999999999999472e-02
4.349999999999999700e-02
5.099999999999999672e-02
6.779999999999999916e-02
5.340000000000000302e-02
5.380000000000000060e-02
6.829999999999999960e-02
5.149999999999999717e-02
6.099999999999999867e-02
5.639999999999999875e-02
5.170000000000000290e-02
5.709999999999999798e-02
5.510000000000000314e-02
5.319999999999999729e-02
4.270000000000000184e-02
4.830000000000000265e-02
7.439999999999999392e-02
6.869999999999999718e-02
5.779999999999999721e-02
5.319999999999999729e-02
4.329999999999999821e-02
5.249999999999999806e-02
7.030000000000000138e-02
5.920000000000000262e-02
3.889999999999999708e-02
5.050000000000000322e-02
5.940000000000000141e-02
5.330000000000000016e-02
4.479999999999999954e-02
4.859999999999999737e-02
4.920000000000000068e-02
8.079999999999999682e-02
5.369999999999999774e-02
5.279999999999999971e-02
5.240000000000000213e-02
7.459999999999999964e-02
4.870000000000000023e-02
6.169999999999999790e-02
6.740000000000000158e-02
4.449999999999999789e-02
4.680000000000000132e-02
3.339999999999999913e-02
5.319999999999999729e-02
7.259999999999999787e-02
6.329999999999999516e-02
7.000000000000000666e-02
4.109999999999999765e-02
7.499999999999999722e-02
4.209999999999999853e-02
3.969999999999999918e-02
3.649999999999999772e-02
6.909999999999999476e-02
4.950000000000000233e-02
3.440000000000000002e-02
5.199999999999999761e-02
3.830000000000000071e-02
3.409999999999999837e-02
6.400000000000000133e-02
6.950000000000000622e-02
4.309999999999999942e-02
2.920000000000000026e-02
4.499999999999999833e-02
6.650000000000000355e-02
3.740000000000000269e-02
5.519999999999999907e-02
3.059999999999999873e-02
4.009999999999999676e-02
5.480000000000000149e-02
3.869999999999999829e-02
4.420000000000000318e-02
4.700000000000000011e-02
3.839999999999999664e-02
4.229999999999999732e-02
3.059999999999999873e-02
2.980000000000000010e-02
2.989999999999999949e-02
4.070000000000000007e-02
4.000000000000000083e-02
4.089999999999999886e-02
3.860000000000000236e-02
4.730000000000000177e-02
5.859999999999999931e-02
5.120000000000000245e-02
2.549999999999999836e-02
3.370000000000000079e-02
3.599999999999999728e-02
3.160000000000000309e-02
2.249999999999999917e-02
3.139999999999999736e-02
4.669999999999999846e-02
4.769999999999999934e-02
3.160000000000000309e-02
3.490000000000000047e-02
2.589999999999999941e-02
2.139999999999999888e-02
2.359999999999999945e-02
2.740000000000000074e-02
1.880000000000000074e-02
2.139999999999999888e-02
2.719999999999999848e-02
2.330000000000000127e-02
1.700000000000000122e-02
2.709999999999999909e-02
2.069999999999999965e-02
2.319999999999999840e-02
3.150000000000000022e-02
2.129999999999999949e-02
2.120000000000000009e-02
2.319999999999999840e-02
1.880000000000000074e-02
5.079999999999999793e-02
2.779999999999999832e-02
3.080000000000000099e-02
1.739999999999999880e-02
1.750000000000000167e-02
2.409999999999999989e-02
2.309999999999999901e-02
2.160000000000000114e-02
2.239999999999999977e-02
2.699999999999999969e-02
2.220000000000000098e-02
2.460000000000000034e-02
2.790000000000000119e-02
4.689999999999999725e-02
3.740000000000000269e-02
1.930000000000000118e-02
2.309999999999999901e-02
2.860000000000000042e-02
2.270000000000000143e-02
2.999999999999999889e-02
2.730000000000000135e-02
2.989999999999999949e-02
3.169999999999999901e-02
2.500000000000000139e-02
2.029999999999999860e-02
2.469999999999999973e-02
2.270000000000000143e-02
2.649999999999999925e-02
2.450000000000000094e-02
2.089999999999999844e-02
4.229999999999999732e-02
3.259999999999999704e-02
2.520000000000000018e-02
2.110000000000000070e-02
2.120000000000000009e-02
3.769999999999999740e-02
2.630000000000000046e-02
3.350000000000000200e-02
2.589999999999999941e-02
3.620000000000000301e-02
2.730000000000000135e-02
1.959999999999999937e-02
1.510000000000000057e-02
1.969999999999999876e-02
2.199999999999999872e-02
2.520000000000000018e-02
2.120000000000000009e-02
3.490000000000000047e-02
2.460000000000000034e-02
3.059999999999999873e-02
3.610000000000000014e-02
2.819999999999999937e-02
2.400000000000000050e-02
3.520000000000000212e-02
1.930000000000000118e-02
1.820000000000000090e-02
1.430000000000000021e-02
1.439999999999999961e-02
1.839999999999999969e-02
2.620000000000000107e-02
3.059999999999999873e-02
2.110000000000000070e-02
3.350000000000000200e-02
2.869999999999999982e-02
2.210000000000000159e-02
2.390000000000000110e-02
3.389999999999999958e-02
2.400000000000000050e-02
3.420000000000000123e-02
1.669999999999999957e-02
2.549999999999999836e-02
1.629999999999999852e-02
1.789999999999999925e-02
2.100000000000000130e-02
2.319999999999999840e-02
4.979999999999999705e-02
2.910000000000000087e-02
2.000000000000000042e-02
1.389999999999999916e-02
3.130000000000000143e-02
2.639999999999999986e-02
1.909999999999999892e-02
2.429999999999999868e-02
1.899999999999999953e-02
2.570000000000000062e-02
1.529999999999999936e-02
1.669999999999999957e-02
1.739999999999999880e-02
2.309999999999999901e-02
1.650000000000000078e-02
1.490000000000000005e-02
2.019999999999999921e-02
2.069999999999999965e-02
2.819999999999999937e-02
2.529999999999999957e-02
2.139999999999999888e-02
4.250000000000000305e-02
2.040000000000000147e-02
1.980000000000000163e-02
1.870000000000000134e-02
1.729999999999999941e-02
1.899999999999999953e-02
1.540000000000000049e-02
1.590000000000000094e-02
3.200000000000000067e-02
1.830000000000000029e-02
1.720000000000000001e-02
1.299999999999999940e-02
2.819999999999999937e-02
1.890000000000000013e-02
1.789999999999999925e-02
1.329999999999999932e-02
1.510000000000000057e-02
1.890000000000000013e-02
2.029999999999999860e-02
2.570000000000000062e-02
2.989999999999999949e-02
1.930000000000000118e-02
1.700000000000000122e-02
1.480000000000000066e-02
2.719999999999999848e-02
2.630000000000000046e-02
1.750000000000000167e-02
1.930000000000000118e-02
1.319999999999999993e-02
1.460000000000000013e-02
2.539999999999999897e-02
2.759999999999999953e-02
2.060000000000000026e-02
2.900000000000000147e-02
1.880000000000000074e-02
1.959999999999999937e-02
1.650000000000000078e-02
1.980000000000000163e-02
4.420000000000000318e-02
3.300000000000000155e-02
2.359999999999999945e-02
1.669999999999999957e-02
1.540000000000000049e-02
1.729999999999999941e-02
1.340000000000000045e-02
1.580000000000000154e-02
2.050000000000000086e-02
4.700000000000000011e-02
2.860000000000000042e-02
1.389999999999999916e-02
1.519999999999999997e-02
2.440000000000000155e-02
2.359999999999999945e-02
1.739999999999999880e-02
1.919999999999999832e-02
3.289999999999999869e-02
3.009999999999999828e-02
2.510000000000000078e-02
5.650000000000000161e-02
4.619999999999999801e-02
2.879999999999999921e-02
1.480000000000000066e-02
2.429999999999999868e-02
1.379999999999999977e-02
2.529999999999999957e-02
2.160000000000000114e-02
1.660000000000000017e-02
1.619999999999999912e-02
1.140000000000000041e-02
1.770000000000000046e-02
1.490000000000000005e-02
2.910000000000000087e-02
1.890000000000000013e-02
6.790000000000000202e-02
2.170000000000000054e-02
1.499999999999999944e-02
1.030000000000000013e-02
9.599999999999999159e-03
1.820000000000000090e-02
1.710000000000000062e-02
2.170000000000000054e-02
2.779999999999999832e-02
1.559999999999999928e-02
2.630000000000000046e-02
2.840000000000000163e-02
1.519999999999999997e-02
5.439999999999999697e-02
2.670000000000000151e-02
1.549999999999999989e-02
2.330000000000000127e-02
2.149999999999999828e-02
1.340000000000000045e-02
3.549999999999999684e-02
1.750000000000000167e-02
5.979999999999999899e-02
4.349999999999999700e-02
2.560000000000000123e-02
2.649999999999999925e-02
2.350000000000000006e-02
4.649999999999999967e-02
1.140000000000000041e-02
1.689999999999999836e-02
9.599999999999999159e-03
5.340000000000000302e-02
7.920000000000000651e-02
6.710000000000000686e-02
1.290000000000000001e-02
1.310000000000000053e-02
2.270000000000000143e-02
3.670000000000000345e-02
3.610000000000000014e-02
3.500000000000000333e-02
5.319999999999999729e-02
6.069999999999999701e-02
6.669999999999999540e-02
8.920000000000000151e-02
3.084000000000000075e-01
1.586400000000000032e+00
3.104400000000000048e+00
8.409999999999999420e-02
5.599999999999999943e-03
5.400000000000000286e-03
4.899999999999999842e-03
1.239999999999999956e-02
1.945000000000000062e-01
2.340000000000000066e-02
1.129000000000000004e-01
5.720000000000000084e-02
1.401999999999999913e-01
9.130000000000000615e-02
9.289999999999999647e-02
1.165999999999999953e-01
1.139000000000000012e-01
1.032000000000000001e-01
1.181999999999999995e-01
6.479999999999999649e-02
1.351999999999999869e-01
2.822000000000000064e-01
5.253999999999999782e-01
1.548899999999999944e+00
7.779999999999999416e-02
1.562000000000000055e-01
6.079999999999999988e-02
1.370999999999999996e-01
8.569999999999999840e-02
9.950000000000000511e-02
9.660000000000000531e-02
1.215999999999999998e-01
1.107000000000000067e-01
1.149000000000000021e-01
1.627000000000000113e-01
1.670000000000000095e-01
1.350999999999999979e-01
8.569999999999999840e-02
1.058000000000000052e-01
1.208999999999999936e-01
2.116000000000000103e-01
1.545999999999999874e-01
1.037000000000000005e-01
1.285999999999999921e-01
1.557000000000000051e-01
1.237999999999999934e-01
1.366999999999999882e-01
1.270000000000000018e-01
1.037000000000000005e-01
1.212000000000000022e-01
1.029000000000000054e-01
1.386999999999999900e-01
8.219999999999999529e-02
1.178000000000000019e-01
1.514000000000000068e-01
8.759999999999999731e-02
1.142999999999999988e-01
1.255999999999999894e-01
7.220000000000000029e-02
1.391000000000000014e-01
1.043000000000000038e-01
1.643000000000000016e-01
8.659999999999999643e-02
1.135000000000000037e-01
1.202000000000000013e-01
9.919999999999999651e-02
1.438000000000000111e-01
1.050999999999999990e-01
7.180000000000000271e-02
1.471999999999999975e-01
1.532000000000000028e-01
7.789999999999999702e-02
1.223000000000000059e-01
1.419999999999999873e-01
1.623999999999999888e-01
8.379999999999999949e-02
1.063999999999999946e-01
6.560000000000000553e-02
1.059999999999999970e-01
9.110000000000000042e-02
1.095000000000000001e-01
6.519999999999999407e-02
1.096000000000000030e-01
1.809000000000000052e-01
2.232999999999999985e-01
6.110000000000000153e-02
1.187000000000000000e-01
8.859999999999999820e-02
6.130000000000000032e-02
7.449999999999999678e-02
6.350000000000000089e-02
1.042000000000000010e-01
1.096000000000000030e-01
1.169000000000000039e-01
2.215000000000000024e-01
3.743000000000000216e-01
1.599199999999999955e+00
5.349000000000000421e-01
8.229999999999999816e-02
2.209000000000000130e-01
2.319999999999999840e-02
1.669999999999999957e-02
1.030999999999999972e-01
9.850000000000000422e-02
7.040000000000000424e-02
8.369999999999999662e-02
1.327000000000000124e-01
8.749999999999999445e-02
1.429999999999999882e-01
1.320000000000000062e-01
7.580000000000000626e-02
4.920000000000000068e-02
8.169999999999999485e-02
6.690000000000000113e-02
8.010000000000000453e-02
1.130000000000000032e-01
8.260000000000000675e-02
9.279999999999999361e-02
6.099999999999999867e-02
8.150000000000000300e-02
7.900000000000000078e-02
1.202000000000000013e-01
1.574000000000000121e-01
8.880000000000000393e-02
8.870000000000000107e-02
1.691000000000000003e-01
1.526000000000000134e-01
1.262999999999999956e-01
1.779000000000000026e-01
1.801000000000000101e-01
5.330000000000000016e-02
7.000000000000000666e-02
8.880000000000000393e-02
7.380000000000000449e-02
1.015999999999999959e-01
9.750000000000000333e-02
1.756000000000000061e-01
1.015000000000000069e-01
6.819999999999999674e-02
6.119999999999999746e-02
1.116000000000000048e-01
1.038000000000000034e-01
6.980000000000000093e-02
1.726000000000000034e-01
2.326000000000000012e-01
4.510000000000000120e-02
8.169999999999999485e-02
6.950000000000000622e-02
9.310000000000000220e-02
8.569999999999999840e-02
8.229999999999999816e-02
1.333999999999999908e-01
8.619999999999999885e-02
1.060999999999999999e-01
6.710000000000000686e-02
5.600000000000000117e-02
5.000000000000000278e-02
6.210000000000000242e-02
6.550000000000000266e-02
6.669999999999999540e-02
8.849999999999999534e-02
6.379999999999999560e-02
6.690000000000000113e-02
1.160000000000000059e-01
7.860000000000000320e-02
3.930000000000000160e-02
5.790000000000000008e-02
7.539999999999999480e-02
1.039000000000000062e-01
4.329999999999999821e-02
6.310000000000000331e-02
8.409999999999999420e-02
7.190000000000000557e-02
7.119999999999999940e-02
7.580000000000000626e-02
9.669999999999999429e-02
5.759999999999999842e-02
4.179999999999999688e-02
5.920000000000000262e-02
7.839999999999999747e-02
5.029999999999999749e-02
6.140000000000000319e-02
9.239999999999999603e-02
4.880000000000000310e-02
7.820000000000000562e-02
5.650000000000000161e-02
3.429999999999999716e-02
3.969999999999999918e-02
5.800000000000000294e-02
4.030000000000000249e-02
4.900000000000000189e-02
7.739999999999999658e-02
7.209999999999999742e-02
1.082000000000000045e-01
6.890000000000000291e-02
5.879999999999999810e-02
4.299999999999999656e-02
8.319999999999999618e-02
6.400000000000000133e-02
5.619999999999999996e-02
4.279999999999999777e-02
4.120000000000000051e-02
8.630000000000000171e-02
8.369999999999999662e-02
6.479999999999999649e-02
6.270000000000000573e-02
5.319999999999999729e-02
6.040000000000000230e-02
3.570000000000000256e-02
3.749999999999999861e-02
3.599999999999999728e-02
3.339999999999999913e-02
3.969999999999999918e-02
3.230000000000000232e-02
4.800000000000000100e-02
4.599999999999999922e-02
3.760000000000000148e-02
5.349999999999999895e-02
5.079999999999999793e-02
3.690000000000000224e-02
5.639999999999999875e-02
5.790000000000000008e-02
3.690000000000000224e-02
2.319999999999999840e-02
2.809999999999999998e-02
3.960000000000000325e-02
3.400000000000000244e-02
4.440000000000000197e-02
6.320000000000000617e-02
3.119999999999999857e-02
3.379999999999999671e-02
8.269999999999999574e-02
6.389999999999999847e-02
2.939999999999999905e-02
3.230000000000000232e-02
3.059999999999999873e-02
5.929999999999999855e-02
4.019999999999999962e-02
6.130000000000000032e-02
6.629999999999999782e-02
6.700000000000000400e-02
4.789999999999999813e-02
2.199999999999999872e-02
2.850000000000000103e-02
3.799999999999999906e-02
2.949999999999999845e-02
4.569999999999999757e-02
6.500000000000000222e-02
8.369999999999999662e-02
3.729999999999999982e-02
1.400000000000000029e-02
2.000000000000000042e-02
5.390000000000000346e-02
4.859999999999999737e-02
4.059999999999999720e-02
3.760000000000000148e-02
2.330000000000000127e-02
3.180000000000000188e-02
3.429999999999999716e-02
3.719999999999999696e-02
6.679999999999999827e-02
3.570000000000000256e-02
3.939999999999999752e-02
5.580000000000000238e-02
3.099999999999999978e-02
7.209999999999999742e-02
6.869999999999999718e-02
5.079999999999999793e-02
3.109999999999999917e-02
2.719999999999999848e-02
5.020000000000000157e-02
7.639999999999999569e-02
4.469999999999999668e-02
2.730000000000000135e-02
3.549999999999999684e-02
3.520000000000000212e-02
2.989999999999999949e-02
5.319999999999999729e-02
5.530000000000000193e-02
4.009999999999999676e-02
4.639999999999999680e-02
5.449999999999999983e-02
3.980000000000000204e-02
7.069999999999999896e-02
4.950000000000000233e-02
4.150000000000000216e-02
7.180000000000000271e-02
9.139999999999999514e-02
4.150000000000000216e-02
6.460000000000000464e-02
8.980000000000000482e-02
6.640000000000000069e-02
5.059999999999999915e-02
4.000000000000000083e-02
4.059999999999999720e-02
3.839999999999999664e-02
5.480000000000000149e-02
6.219999999999999835e-02
4.410000000000000031e-02
3.459999999999999881e-02
2.340000000000000066e-02
2.699999999999999969e-02
3.259999999999999704e-02
5.729999999999999677e-02
5.720000000000000084e-02
3.769999999999999740e-02
5.630000000000000282e-02
5.800000000000000294e-02
5.920000000000000262e-02
8.559999999999999554e-02
7.779999999999999416e-02
4.499999999999999833e-02
2.440000000000000155e-02
2.239999999999999977e-02
1.750000000000000167e-02
2.850000000000000103e-02
4.200000000000000261e-02
2.769999999999999893e-02
2.359999999999999945e-02
7.009999999999999565e-02
6.260000000000000286e-02
4.050000000000000128e-02
4.560000000000000164e-02
3.950000000000000039e-02
2.610000000000000167e-02
1.600000000000000033e-02
1.370000000000000037e-02
2.730000000000000135e-02
3.070000000000000159e-02
4.159999999999999809e-02
3.640000000000000180e-02
4.460000000000000075e-02
3.780000000000000027e-02
7.169999999999999984e-02
4.510000000000000120e-02
5.160000000000000003e-02
2.199999999999999872e-02
1.230000000000000017e-02
2.149999999999999828e-02
7.409999999999999920e-02
4.420000000000000318e-02
4.580000000000000043e-02
2.079999999999999905e-02
2.019999999999999921e-02
2.330000000000000127e-02
2.259999999999999856e-02
3.150000000000000022e-02
3.799999999999999906e-02
5.099999999999999672e-02
4.209999999999999853e-02
7.069999999999999896e-02
2.730000000000000135e-02
4.819999999999999979e-02
2.560000000000000123e-02
1.959999999999999937e-02
1.409999999999999969e-02
1.930000000000000118e-02
7.270000000000000073e-02
4.370000000000000273e-02
2.949999999999999845e-02
4.540000000000000285e-02
3.500000000000000333e-02
2.740000000000000074e-02
4.420000000000000318e-02
2.750000000000000014e-02
2.230000000000000038e-02
7.109999999999999654e-02
3.839999999999999664e-02
2.089999999999999844e-02
2.450000000000000094e-02
2.149999999999999828e-02
2.369999999999999885e-02
3.459999999999999881e-02
4.569999999999999757e-02
3.790000000000000313e-02
2.330000000000000127e-02
3.459999999999999881e-02
4.429999999999999910e-02
1.126000000000000056e-01
5.519999999999999907e-02
3.080000000000000099e-02
4.240000000000000019e-02
4.379999999999999866e-02
6.640000000000000069e-02
4.540000000000000285e-02
3.479999999999999760e-02
3.520000000000000212e-02
9.270000000000000462e-02
5.269999999999999685e-02
2.680000000000000090e-02
3.009999999999999828e-02
4.959999999999999826e-02
5.569999999999999951e-02
3.830000000000000071e-02
5.099999999999999672e-02
3.269999999999999990e-02
1.501000000000000112e-01
9.020000000000000240e-02
2.139999999999999888e-02
7.249999999999999500e-02
3.479999999999999760e-02
4.150000000000000216e-02
2.259999999999999856e-02
4.200000000000000261e-02
9.110000000000000042e-02
1.265999999999999903e-01
1.207000000000000017e-01
5.099999999999999672e-02
8.809999999999999776e-02
6.040000000000000230e-02
9.489999999999999825e-02
1.597000000000000086e-01
3.574999999999999845e-01
3.209999999999999659e-02
1.706000000000000016e-01
7.340000000000000691e-02
1.834000000000000075e-01
4.970000000000000112e-02
1.005999999999999950e-01
1.890000000000000013e-02
4.800000000000000100e-02
3.250000000000000111e-02
7.459999999999999964e-02
7.249999999999999500e-02
6.519999999999999407e-02
8.039999999999999925e-02
7.090000000000000469e-02
5.299999999999999850e-02
6.769999999999999629e-02
9.389999999999999736e-02
2.424999999999999933e-01
7.205000000000000293e-01
5.006599999999999717e+00
1.145000000000000046e-01
6.090999999999999748e-01
1.645000000000000073e-01
4.341999999999999749e-01
1.439000000000000001e-01
2.535000000000000031e-01
1.887999999999999956e-01
1.086000000000000021e-01
1.589000000000000135e-01
1.986999999999999877e-01
1.867000000000000048e-01
8.980000000000000482e-02
1.267000000000000071e-01
1.208000000000000046e-01
2.137999999999999901e-01
1.499999999999999944e-01
1.947000000000000119e-01
2.109000000000000041e-01
1.865999999999999881e-01
2.116999999999999993e-01
2.404999999999999916e-01
1.179000000000000048e-01
1.260000000000000009e-01
1.993999999999999939e-01
1.517999999999999905e-01
1.597999999999999976e-01
1.517999999999999905e-01
2.422999999999999876e-01
1.205999999999999989e-01
1.034000000000000058e-01
1.421000000000000041e-01
1.867999999999999938e-01
1.746000000000000052e-01
1.960000000000000075e-01
1.345999999999999974e-01
8.809999999999999776e-02
6.029999999999999943e-02
9.610000000000000486e-02
8.999999999999999667e-02
1.115000000000000019e-01
1.353999999999999926e-01
1.197000000000000008e-01
1.555999999999999883e-01
1.834999999999999964e-01
1.804999999999999938e-01
2.025000000000000133e-01
2.777000000000000024e-01
2.237000000000000099e-01
2.295000000000000095e-01
5.107000000000000428e-01
3.967999999999999861e-01
1.723999999999999977e-01
6.019999999999999657e-02
1.219999999999999973e-01
1.464000000000000024e-01
2.399999999999999911e-01
6.074000000000000510e-01
3.819700000000000095e+00
2.044099999999999806e+00
5.188000000000000389e-01
5.528999999999999471e-01
4.486999999999999877e-01
4.635000000000000231e-01
3.521000000000000241e-01
3.457999999999999963e-01
4.026000000000000134e-01
3.580999999999999739e-01
2.437000000000000000e-01
2.195000000000000007e-01
1.695000000000000118e-01
1.670000000000000095e-01
2.106999999999999984e-01
2.157999999999999918e-01
3.579999999999999849e-01
3.239000000000000212e-01
2.654000000000000248e-01
3.259000000000000230e-01
2.932000000000000162e-01
2.354999999999999871e-01
3.069000000000000061e-01
3.302999999999999825e-01
4.122000000000000108e-01
3.165000000000000036e-01
2.978999999999999981e-01
7.056999999999999940e-01
4.814999999999999836e-01
1.995999999999999996e-01
2.968000000000000083e-01
3.025999999999999801e-01
2.371000000000000052e-01
3.901000000000000023e-01
8.554000000000000492e-01
1.705300000000000038e+00
7.564999999999999503e-01
4.023999999999999799e-01
1.892000000000000071e-01
4.464000000000000190e-01
2.436000000000000110e-01
1.315999999999999948e-01
1.635000000000000064e-01
2.280999999999999972e-01
2.252000000000000113e-01
3.654000000000000026e-01
2.394000000000000017e-01
1.950999999999999956e-01
1.882999999999999952e-01
2.298000000000000043e-01
3.464999999999999747e-01
2.051999999999999935e-01
3.039000000000000035e-01
3.599999999999999867e-01
2.792000000000000037e-01
2.812999999999999945e-01
3.695999999999999841e-01
2.812000000000000055e-01
1.867999999999999938e-01
4.193000000000000060e-01
4.000000000000000222e-01
1.928999999999999881e-01
3.608000000000000096e-01
2.497999999999999943e-01
1.723999999999999977e-01
2.074999999999999900e-01
1.509999999999999953e-01
1.633999999999999897e-01
1.701999999999999902e-01
1.822000000000000008e-01
1.769000000000000017e-01
2.610999999999999988e-01
2.074999999999999900e-01
2.268000000000000016e-01
2.109999999999999931e-01
2.872999999999999998e-01
4.182000000000000162e-01
5.345999999999999641e-01
1.270000000000000018e-01
3.809000000000000163e-01
1.660000000000000087e-01
1.511000000000000121e-01
2.379999999999999893e-01
2.741000000000000103e-01
4.200999999999999734e-01
4.452999999999999736e-01
2.431000000000000105e-01
1.441000000000000059e-01
1.592999999999999972e-01
1.579000000000000126e-01
1.784999999999999920e-01
1.350999999999999979e-01
1.491000000000000103e-01
1.423000000000000098e-01
1.482999999999999874e-01
1.655999999999999972e-01
1.310000000000000053e-01
2.391000000000000070e-01
2.338999999999999968e-01
2.356000000000000039e-01
1.605000000000000038e-01
3.114000000000000101e-01
4.946999999999999731e-01
1.009700000000000042e+00
1.221000000000000002e-01
3.224000000000000199e-01
1.778000000000000136e-01
1.365000000000000102e-01
1.653999999999999915e-01
1.678000000000000047e-01
2.026000000000000023e-01
2.129000000000000059e-01
1.494000000000000050e-01
1.418000000000000094e-01
1.370000000000000107e-01
9.059999999999999998e-02
9.049999999999999711e-02
1.113999999999999990e-01
1.161999999999999977e-01
1.280000000000000027e-01
1.111999999999999933e-01
1.155999999999999944e-01
1.585999999999999910e-01
1.938000000000000000e-01
1.832999999999999907e-01
1.565999999999999892e-01
1.584000000000000130e-01
9.339999999999999691e-02
1.492999999999999883e-01
1.877000000000000057e-01
1.544999999999999984e-01
1.754000000000000004e-01
1.499999999999999944e-01
1.695000000000000118e-01
1.733999999999999986e-01
1.723999999999999977e-01
1.449000000000000010e-01
1.091000000000000025e-01
1.678999999999999937e-01
8.359999999999999376e-02
1.789999999999999925e-01
3.013000000000000123e-01
3.524999999999999800e-01
8.089999999999999969e-02
2.528000000000000247e-01
1.322000000000000119e-01
2.200000000000000011e-01
1.537000000000000033e-01
1.479999999999999927e-01
1.323999999999999899e-01
6.060000000000000109e-02
1.264000000000000123e-01
1.019000000000000045e-01
9.769999999999999518e-02
1.812999999999999889e-01
1.396999999999999909e-01
9.950000000000000511e-02
7.309999999999999831e-02
1.043000000000000038e-01
9.710000000000000575e-02
1.066000000000000003e-01
1.401000000000000023e-01
8.540000000000000369e-02
1.890999999999999903e-01
2.107999999999999874e-01
1.902000000000000079e-01
1.295999999999999930e-01
1.468000000000000138e-01
7.280000000000000360e-02
7.939999999999999836e-02
7.190000000000000557e-02
1.020999999999999963e-01
1.179999999999999938e-01
8.989999999999999380e-02
1.796999999999999986e-01
2.898000000000000020e-01
3.934000000000000274e-01
9.740000000000000047e-02
1.524000000000000077e-01
5.739999999999999963e-02
9.990000000000000269e-02
1.132999999999999979e-01
1.486000000000000099e-01
1.559999999999999998e-01
1.368000000000000049e-01
5.659999999999999754e-02
8.190000000000000058e-02
9.740000000000000047e-02
6.909999999999999476e-02
7.510000000000000009e-02
6.990000000000000380e-02
8.419999999999999707e-02
7.000000000000000666e-02
9.429999999999999494e-02
5.899999999999999689e-02
9.919999999999999651e-02
8.880000000000000393e-02
1.345999999999999974e-01
1.441000000000000059e-01
1.638000000000000012e-01
5.439999999999999697e-02
9.840000000000000135e-02
9.049999999999999711e-02
1.438000000000000111e-01
1.476000000000000090e-01
1.554000000000000103e-01
1.680000000000000104e-01
1.250999999999999890e-01
7.739999999999999658e-02
8.630000000000000171e-02
1.111999999999999933e-01
6.569999999999999452e-02
4.700000000000000011e-02
8.640000000000000457e-02
1.302000000000000102e-01
1.078999999999999959e-01
7.850000000000000033e-02
7.290000000000000646e-02
7.399999999999999634e-02
1.054999999999999966e-01
8.849999999999999534e-02
7.380000000000000449e-02
9.229999999999999316e-02
7.670000000000000429e-02
9.619999999999999385e-02
9.450000000000000067e-02
7.140000000000000513e-02
9.550000000000000155e-02
6.289999999999999758e-02
5.120000000000000245e-02
1.129000000000000004e-01
6.969999999999999807e-02
5.940000000000000141e-02
5.670000000000000040e-02
6.940000000000000335e-02
9.710000000000000575e-02
8.509999999999999509e-02
6.610000000000000597e-02
8.050000000000000211e-02
6.429999999999999605e-02
3.540000000000000091e-02
1.000999999999999945e-01
1.073000000000000065e-01
8.519999999999999796e-02
7.660000000000000142e-02
8.000000000000000167e-02
7.839999999999999747e-02
6.669999999999999540e-02
6.429999999999999605e-02
6.500000000000000222e-02
5.960000000000000020e-02
9.520000000000000684e-02
6.809999999999999387e-02
8.240000000000000102e-02
6.909999999999999476e-02
6.450000000000000178e-02
6.539999999999999980e-02
1.044999999999999957e-01
1.208999999999999936e-01
1.244999999999999996e-01
7.040000000000000424e-02
9.210000000000000131e-02
6.880000000000000004e-02
6.950000000000000622e-02
1.097000000000000058e-01
1.032000000000000001e-01
6.859999999999999432e-02
8.719999999999999973e-02
1.050999999999999990e-01
7.760000000000000231e-02
1.035999999999999976e-01
8.500000000000000611e-02
8.260000000000000675e-02
1.175999999999999962e-01
6.640000000000000069e-02
5.469999999999999862e-02
8.319999999999999618e-02
8.899999999999999578e-02
7.099999999999999367e-02
1.370000000000000107e-01
9.919999999999999651e-02
7.850000000000000033e-02
1.035999999999999976e-01
7.259999999999999787e-02
6.660000000000000642e-02
1.285999999999999921e-01
1.244999999999999996e-01
7.230000000000000315e-02
7.049999999999999323e-02
5.589999999999999830e-02
8.730000000000000260e-02
1.229999999999999982e-01
1.224999999999999978e-01
1.386999999999999900e-01
7.049999999999999323e-02
1.255999999999999894e-01
5.779999999999999721e-02
7.000000000000000666e-02
6.329999999999999516e-02
1.643999999999999906e-01
6.350000000000000089e-02
8.340000000000000191e-02
