1.456900000000000084e+00
1.362800000000000011e+00
1.127599999999999936e+00
1.001900000000000013e+00
9.631999999999999451e-01
9.114999999999999769e-01
8.175000000000000044e-01
8.552999999999999492e-01
7.463999999999999524e-01
7.510000000000000009e-01
6.985000000000000098e-01
6.793000000000000149e-01
5.668999999999999595e-01
7.620000000000000107e-01
7.251999999999999558e-01
6.797999999999999599e-01
6.663999999999999924e-01
6.322999999999999732e-01
6.080999999999999739e-01
6.121999999999999664e-01
5.649999999999999467e-01
7.060999999999999499e-01
6.525999999999999579e-01
5.207000000000000517e-01
4.976999999999999758e-01
5.100000000000000089e-01
4.818999999999999950e-01
4.764999999999999791e-01
4.640000000000000235e-01
3.914000000000000257e-01
4.587999999999999856e-01
4.376999999999999780e-01
3.593000000000000083e-01
4.137000000000000122e-01
4.428000000000000269e-01
4.284999999999999920e-01
3.977999999999999869e-01
3.309000000000000274e-01
3.180999999999999939e-01
3.472000000000000086e-01
3.602000000000000202e-01
3.557000000000000162e-01
3.593000000000000083e-01
2.923999999999999932e-01
3.251000000000000001e-01
3.332999999999999852e-01
3.438999999999999835e-01
3.415000000000000258e-01
2.359999999999999876e-01
2.807999999999999940e-01
3.225000000000000089e-01
2.641000000000000014e-01
3.174000000000000155e-01
3.251000000000000001e-01
2.497999999999999943e-01
3.037000000000000255e-01
2.386000000000000065e-01
2.031000000000000028e-01
2.275999999999999968e-01
2.331000000000000016e-01
2.477000000000000035e-01
2.225999999999999923e-01
2.437000000000000000e-01
1.918999999999999873e-01
2.008999999999999952e-01
2.106000000000000094e-01
2.818999999999999839e-01
2.200000000000000011e-01
1.784000000000000030e-01
1.748000000000000109e-01
2.013000000000000067e-01
2.544000000000000150e-01
1.451000000000000068e-01
1.464999999999999913e-01
1.819000000000000061e-01
1.715000000000000135e-01
2.139999999999999958e-01
1.673000000000000043e-01
1.539000000000000090e-01
1.670999999999999985e-01
1.550999999999999879e-01
1.549999999999999989e-01
1.328999999999999904e-01
1.308999999999999886e-01
1.313999999999999890e-01
1.190999999999999975e-01
1.351999999999999869e-01
1.355999999999999983e-01
1.044999999999999957e-01
1.408999999999999975e-01
1.358999999999999930e-01
1.287000000000000088e-01
1.140000000000000041e-01
1.300999999999999934e-01
1.381000000000000005e-01
1.107000000000000067e-01
1.232000000000000040e-01
9.260000000000000175e-02
1.005000000000000060e-01
1.181999999999999995e-01
1.242000000000000048e-01
1.250999999999999890e-01
1.059999999999999970e-01
1.160000000000000059e-01
9.039999999999999425e-02
9.740000000000000047e-02
1.215999999999999998e-01
1.024000000000000049e-01
8.780000000000000304e-02
9.969999999999999696e-02
7.920000000000000651e-02
1.092999999999999944e-01
8.240000000000000102e-02
1.121000000000000052e-01
1.217000000000000026e-01
1.298999999999999877e-01
7.169999999999999984e-02
7.829999999999999460e-02
6.719999999999999585e-02
9.139999999999999514e-02
9.389999999999999736e-02
9.020000000000000240e-02
7.340000000000000691e-02
5.970000000000000306e-02
7.599999999999999811e-02
7.510000000000000009e-02
7.309999999999999831e-02
7.739999999999999658e-02
8.870000000000000107e-02
8.229999999999999816e-02
7.699999999999999900e-02
7.779999999999999416e-02
6.579999999999999738e-02
5.920000000000000262e-02
6.230000000000000121e-02
7.370000000000000162e-02
7.389999999999999347e-02
5.240000000000000213e-02
3.799999999999999906e-02
5.430000000000000104e-02
5.559999999999999665e-02
6.419999999999999318e-02
5.960000000000000020e-02
6.250000000000000000e-02
7.130000000000000226e-02
5.829999999999999766e-02
4.569999999999999757e-02
5.569999999999999951e-02
6.079999999999999988e-02
3.860000000000000236e-02
3.930000000000000160e-02
4.469999999999999668e-02
5.449999999999999983e-02
5.489999999999999741e-02
5.630000000000000282e-02
4.850000000000000144e-02
6.419999999999999318e-02
5.210000000000000048e-02
6.940000000000000335e-02
4.359999999999999987e-02
6.329999999999999516e-02
6.429999999999999605e-02
7.570000000000000340e-02
5.870000000000000218e-02
5.530000000000000193e-02
4.420000000000000318e-02
4.420000000000000318e-02
5.109999999999999959e-02
5.050000000000000322e-02
3.919999999999999873e-02
4.410000000000000031e-02
6.090000000000000274e-02
3.780000000000000027e-02
4.599999999999999922e-02
4.760000000000000342e-02
6.650000000000000355e-02
7.220000000000000029e-02
5.659999999999999754e-02
2.920000000000000026e-02
2.889999999999999861e-02
2.910000000000000087e-02
3.620000000000000301e-02
6.510000000000000508e-02
3.529999999999999805e-02
3.670000000000000345e-02
3.960000000000000325e-02
3.359999999999999792e-02
4.130000000000000338e-02
4.429999999999999910e-02
3.280000000000000276e-02
8.490000000000000324e-02
4.900000000000000189e-02
3.520000000000000212e-02
3.629999999999999893e-02
3.169999999999999901e-02
4.529999999999999999e-02
3.379999999999999671e-02
3.559999999999999970e-02
3.749999999999999861e-02
3.269999999999999990e-02
2.630000000000000046e-02
4.270000000000000184e-02
3.889999999999999708e-02
3.359999999999999792e-02
3.740000000000000269e-02
3.030000000000000054e-02
3.699999999999999817e-02
3.219999999999999946e-02
3.370000000000000079e-02
3.389999999999999958e-02
3.150000000000000022e-02
5.539999999999999786e-02
4.259999999999999898e-02
3.320000000000000034e-02
2.210000000000000159e-02
5.199999999999999761e-02
4.510000000000000120e-02
3.620000000000000301e-02
3.660000000000000059e-02
4.019999999999999962e-02
4.080000000000000293e-02
3.309999999999999748e-02
3.760000000000000148e-02
5.890000000000000097e-02
3.289999999999999869e-02
3.030000000000000054e-02
3.660000000000000059e-02
6.119999999999999746e-02
7.299999999999999545e-02
3.699999999999999817e-02
3.710000000000000103e-02
3.109999999999999917e-02
2.549999999999999836e-02
3.400000000000000244e-02
5.000000000000000278e-02
5.330000000000000016e-02
2.750000000000000014e-02
2.889999999999999861e-02
5.199999999999999761e-02
5.149999999999999717e-02
4.130000000000000338e-02
5.449999999999999983e-02
4.760000000000000342e-02
2.199999999999999872e-02
4.719999999999999890e-02
3.239999999999999825e-02
4.250000000000000305e-02
3.320000000000000034e-02
3.790000000000000313e-02
3.230000000000000232e-02
2.850000000000000103e-02
2.850000000000000103e-02
4.080000000000000293e-02
4.059999999999999720e-02
2.630000000000000046e-02
5.920000000000000262e-02
3.799999999999999906e-02
2.000000000000000042e-02
2.719999999999999848e-02
2.999999999999999889e-02
2.520000000000000018e-02
2.769999999999999893e-02
5.020000000000000157e-02
5.589999999999999830e-02
2.319999999999999840e-02
3.849999999999999950e-02
2.580000000000000002e-02
3.090000000000000038e-02
2.699999999999999969e-02
2.869999999999999982e-02
2.939999999999999905e-02
2.610000000000000167e-02
2.989999999999999949e-02
4.800000000000000100e-02
4.870000000000000023e-02
6.060000000000000109e-02
2.869999999999999982e-02
3.339999999999999913e-02
2.920000000000000026e-02
3.860000000000000236e-02
6.149999999999999911e-02
3.599999999999999728e-02
2.290000000000000022e-02
4.859999999999999737e-02
3.300000000000000155e-02
3.099999999999999978e-02
2.670000000000000151e-02
6.779999999999999916e-02
3.150000000000000022e-02
2.790000000000000119e-02
2.570000000000000062e-02
3.269999999999999990e-02
2.809999999999999998e-02
1.899999999999999953e-02
3.330000000000000321e-02
3.259999999999999704e-02
2.869999999999999982e-02
2.649999999999999925e-02
3.109999999999999917e-02
2.539999999999999897e-02
2.239999999999999977e-02
3.670000000000000345e-02
3.289999999999999869e-02
4.050000000000000128e-02
1.990000000000000102e-02
2.390000000000000110e-02
2.800000000000000058e-02
2.460000000000000034e-02
3.459999999999999881e-02
3.429999999999999716e-02
1.710000000000000062e-02
3.960000000000000325e-02
2.549999999999999836e-02
1.930000000000000118e-02
2.050000000000000086e-02
3.579999999999999849e-02
2.910000000000000087e-02
2.079999999999999905e-02
2.529999999999999957e-02
3.049999999999999933e-02
2.960000000000000131e-02
2.730000000000000135e-02
2.730000000000000135e-02
4.120000000000000051e-02
2.520000000000000018e-02
1.720000000000000001e-02
2.290000000000000022e-02
4.830000000000000265e-02
3.090000000000000038e-02
2.429999999999999868e-02
2.019999999999999921e-02
1.890000000000000013e-02
2.089999999999999844e-02
2.419999999999999929e-02
1.810000000000000150e-02
1.969999999999999876e-02
2.230000000000000038e-02
2.309999999999999901e-02
4.279999999999999777e-02
2.889999999999999861e-02
3.509999999999999926e-02
2.529999999999999957e-02
2.210000000000000159e-02
2.649999999999999925e-02
2.409999999999999989e-02
2.069999999999999965e-02
2.730000000000000135e-02
2.069999999999999965e-02
5.519999999999999907e-02
2.380000000000000171e-02
1.689999999999999836e-02
2.170000000000000054e-02
2.910000000000000087e-02
3.749999999999999861e-02
3.819999999999999785e-02
1.689999999999999836e-02
2.270000000000000143e-02
1.299999999999999940e-02
1.899999999999999953e-02
1.679999999999999896e-02
1.849999999999999908e-02
3.529999999999999805e-02
1.849999999999999908e-02
3.090000000000000038e-02
2.230000000000000038e-02
2.390000000000000110e-02
1.540000000000000049e-02
3.729999999999999982e-02
3.470000000000000168e-02
3.889999999999999708e-02
2.160000000000000114e-02
2.829999999999999877e-02
3.989999999999999797e-02
1.750000000000000167e-02
6.329999999999999516e-02
4.229999999999999732e-02
3.339999999999999913e-02
6.579999999999999738e-02
1.120000000000000023e-01
4.880000000000000310e-02
3.169999999999999901e-02
3.130000000000000143e-02
5.330000000000000016e-02
5.480000000000000149e-02
1.335999999999999965e-01
5.040000000000000036e-01
6.134000000000000341e+00
1.270000000000000018e-01
2.671999999999999931e-01
6.829999999999999960e-02
2.897000000000000131e-01
1.105000000000000010e-01
5.909999999999999976e-02
1.154000000000000026e-01
4.070000000000000007e-02
6.909999999999999476e-02
9.270000000000000462e-02
6.550000000000000266e-02
8.959999999999999909e-02
9.869999999999999607e-02
8.580000000000000127e-02
8.759999999999999731e-02
1.238999999999999962e-01
1.098999999999999977e-01
8.959999999999999909e-02
1.111999999999999933e-01
1.055999999999999994e-01
1.025999999999999968e-01
1.048999999999999932e-01
1.323999999999999899e-01
1.255000000000000004e-01
2.061999999999999944e-01
6.938999999999999613e-01
3.015699999999999825e+00
1.751999999999999946e-01
1.136000000000000065e-01
3.267999999999999794e-01
2.610000000000000167e-02
5.199999999999999761e-02
7.989999999999999880e-02
7.109999999999999654e-02
1.671999999999999875e-01
1.130000000000000032e-01
1.215999999999999998e-01
1.098999999999999977e-01
1.252000000000000057e-01
1.169000000000000039e-01
1.019999999999999934e-01
1.189999999999999947e-01
1.169000000000000039e-01
1.499000000000000055e-01
1.517999999999999905e-01
9.199999999999999845e-02
1.257999999999999952e-01
9.760000000000000620e-02
1.023000000000000020e-01
1.519999999999999962e-01
1.433000000000000107e-01
9.790000000000000091e-02
8.269999999999999574e-02
8.989999999999999380e-02
1.363999999999999935e-01
1.512000000000000011e-01
1.108999999999999986e-01
1.398999999999999966e-01
1.477999999999999869e-01
1.466000000000000081e-01
6.880000000000000004e-02
9.489999999999999825e-02
5.870000000000000218e-02
1.000000000000000056e-01
1.019000000000000045e-01
1.365999999999999992e-01
1.701999999999999902e-01
1.602999999999999980e-01
1.122999999999999970e-01
1.108999999999999986e-01
7.589999999999999525e-02
1.368000000000000049e-01
1.865999999999999881e-01
2.162999999999999923e-01
3.472999999999999976e-01
5.319999999999999729e-02
2.079000000000000015e-01
2.431000000000000105e-01
6.969999999999999807e-02
1.198000000000000037e-01
1.045999999999999985e-01
8.599999999999999312e-02
1.691000000000000003e-01
2.028000000000000080e-01
2.270999999999999963e-01
7.679999999999999327e-02
2.519000000000000128e-01
4.393000000000000238e-01
6.519999999999999407e-02
3.261999999999999900e-01
1.983999999999999930e-01
2.490999999999999881e-01
2.101999999999999980e-01
9.979999999999999982e-02
1.836000000000000132e-01
7.130000000000000226e-02
1.824000000000000066e-01
1.227000000000000035e-01
1.127999999999999975e-01
1.489999999999999936e-01
1.323000000000000009e-01
5.220000000000000334e-02
1.113999999999999990e-01
1.231000000000000011e-01
8.580000000000000127e-02
1.161999999999999977e-01
1.605000000000000038e-01
1.043000000000000038e-01
1.398000000000000076e-01
1.097999999999999948e-01
2.142999999999999905e-01
2.235999999999999932e-01
1.892999999999999960e-01
1.537000000000000033e-01
1.171999999999999986e-01
2.863999999999999879e-01
2.558000000000000274e-01
1.250999999999999890e-01
1.841000000000000136e-01
1.239999999999999991e-01
9.560000000000000442e-02
1.308999999999999886e-01
1.318999999999999895e-01
2.285999999999999976e-01
1.459000000000000019e-01
7.820000000000000562e-02
1.325000000000000067e-01
1.233000000000000068e-01
1.233000000000000068e-01
1.547000000000000042e-01
2.713999999999999746e-01
1.242000000000000048e-01
1.259000000000000119e-01
9.669999999999999429e-02
1.198000000000000037e-01
2.089000000000000024e-01
2.247000000000000108e-01
3.758000000000000229e-01
1.329599999999999893e+00
7.483999999999999542e-01
3.194000000000000172e-01
1.534000000000000086e-01
2.636000000000000010e-01
2.399999999999999911e-01
3.170000000000000040e-01
1.537000000000000033e-01
1.958999999999999908e-01
1.358999999999999930e-01
9.310000000000000220e-02
1.799000000000000044e-01
1.233000000000000068e-01
2.393000000000000127e-01
1.288999999999999868e-01
1.655000000000000082e-01
2.258999999999999897e-01
2.494999999999999996e-01
9.030000000000000526e-02
1.922999999999999987e-01
2.464000000000000079e-01
1.348999999999999921e-01
1.373000000000000054e-01
1.822000000000000008e-01
1.381000000000000005e-01
1.797999999999999876e-01
1.560999999999999888e-01
1.197000000000000008e-01
2.139999999999999958e-01
2.233999999999999875e-01
1.812999999999999889e-01
1.165999999999999953e-01
1.423000000000000098e-01
2.046000000000000041e-01
2.147999999999999909e-01
1.620999999999999941e-01
1.063000000000000056e-01
1.127999999999999975e-01
1.184999999999999942e-01
7.520000000000000295e-02
1.342000000000000137e-01
1.481999999999999984e-01
1.330000000000000071e-01
8.980000000000000482e-02
1.239999999999999991e-01
1.927999999999999992e-01
2.116000000000000103e-01
2.011000000000000010e-01
1.441000000000000059e-01
1.117999999999999966e-01
1.423000000000000098e-01
2.184000000000000108e-01
2.827000000000000068e-01
4.320999999999999841e-01
4.638999999999999790e-01
4.995999999999999885e-01
3.989999999999999797e-02
3.059999999999999873e-02
1.310999999999999943e-01
5.160000000000000003e-02
6.469999999999999363e-02
1.189999999999999947e-01
1.728000000000000091e-01
1.769999999999999907e-01
2.252000000000000113e-01
2.101000000000000090e-01
1.535999999999999865e-01
1.257999999999999952e-01
1.620999999999999941e-01
1.315000000000000058e-01
1.034999999999999948e-01
1.297000000000000097e-01
1.003000000000000003e-01
1.244999999999999996e-01
9.020000000000000240e-02
7.109999999999999654e-02
1.095000000000000001e-01
1.202000000000000013e-01
9.660000000000000531e-02
1.358000000000000040e-01
8.859999999999999820e-02
1.066000000000000003e-01
1.260000000000000009e-01
1.514000000000000068e-01
1.786999999999999977e-01
1.678000000000000047e-01
1.077000000000000041e-01
1.155000000000000054e-01
1.275999999999999912e-01
9.489999999999999825e-02
8.989999999999999380e-02
1.127999999999999975e-01
1.350999999999999979e-01
1.207000000000000017e-01
7.290000000000000646e-02
7.810000000000000275e-02
6.339999999999999802e-02
8.429999999999999993e-02
6.950000000000000622e-02
9.819999999999999563e-02
1.117999999999999966e-01
1.325999999999999956e-01
8.079999999999999682e-02
1.034999999999999948e-01
1.130000000000000032e-01
1.044000000000000067e-01
1.097000000000000058e-01
7.910000000000000364e-02
1.653999999999999915e-01
1.456999999999999962e-01
7.240000000000000602e-02
1.049999999999999961e-01
1.582999999999999963e-01
1.290000000000000036e-01
8.000000000000000167e-02
1.514000000000000068e-01
1.174000000000000044e-01
7.059999999999999609e-02
8.379999999999999949e-02
1.293999999999999873e-01
7.739999999999999658e-02
1.105000000000000010e-01
8.309999999999999332e-02
5.410000000000000225e-02
5.970000000000000306e-02
1.131000000000000061e-01
8.409999999999999420e-02
6.450000000000000178e-02
5.820000000000000173e-02
1.063000000000000056e-01
1.045999999999999985e-01
7.019999999999999851e-02
7.009999999999999565e-02
6.479999999999999649e-02
1.107999999999999957e-01
8.419999999999999707e-02
7.580000000000000626e-02
5.949999999999999734e-02
7.230000000000000315e-02
5.500000000000000028e-02
5.500000000000000028e-02
9.669999999999999429e-02
8.450000000000000566e-02
3.640000000000000180e-02
3.540000000000000091e-02
4.880000000000000310e-02
8.200000000000000344e-02
6.539999999999999980e-02
1.032000000000000001e-01
1.312000000000000111e-01
7.660000000000000142e-02
6.180000000000000077e-02
1.015000000000000069e-01
3.749999999999999861e-02
6.110000000000000153e-02
5.680000000000000326e-02
5.410000000000000225e-02
6.510000000000000508e-02
6.539999999999999980e-02
1.409999999999999865e-01
1.456000000000000072e-01
9.690000000000000002e-02
5.949999999999999734e-02
3.379999999999999671e-02
1.486999999999999988e-01
9.210000000000000131e-02
1.448000000000000120e-01
5.179999999999999882e-02
1.439000000000000001e-01
4.399999999999999745e-02
6.199999999999999956e-02
6.710000000000000686e-02
1.406999999999999917e-01
9.859999999999999321e-02
1.710000000000000062e-02
2.440000000000000155e-02
6.250000000000000000e-02
4.159999999999999809e-02
4.800000000000000100e-02
8.019999999999999352e-02
6.610000000000000597e-02
6.710000000000000686e-02
1.450000000000000074e-02
3.139999999999999736e-02
3.679999999999999938e-02
5.399999999999999939e-02
3.490000000000000047e-02
8.300000000000000433e-02
5.120000000000000245e-02
6.040000000000000230e-02
2.620000000000000107e-02
3.749999999999999861e-02
7.720000000000000473e-02
5.829999999999999766e-02
6.230000000000000121e-02
2.980000000000000010e-02
5.500000000000000028e-02
5.759999999999999842e-02
5.129999999999999838e-02
7.960000000000000409e-02
1.106000000000000039e-01
6.239999999999999714e-02
4.059999999999999720e-02
3.289999999999999869e-02
4.490000000000000241e-02
5.750000000000000250e-02
6.019999999999999657e-02
6.600000000000000311e-02
5.979999999999999899e-02
3.830000000000000071e-02
5.709999999999999798e-02
3.250000000000000111e-02
3.409999999999999837e-02
2.639999999999999986e-02
2.680000000000000090e-02
4.059999999999999720e-02
6.069999999999999701e-02
3.160000000000000309e-02
2.649999999999999925e-02
2.680000000000000090e-02
2.999999999999999889e-02
3.139999999999999736e-02
2.599999999999999881e-02
3.169999999999999901e-02
3.080000000000000099e-02
2.299999999999999961e-02
3.119999999999999857e-02
2.829999999999999877e-02
2.469999999999999973e-02
3.059999999999999873e-02
3.590000000000000135e-02
2.759999999999999953e-02
4.460000000000000075e-02
4.870000000000000023e-02
4.370000000000000273e-02
2.929999999999999966e-02
3.690000000000000224e-02
4.349999999999999700e-02
4.229999999999999732e-02
2.699999999999999969e-02
4.240000000000000019e-02
3.880000000000000115e-02
3.269999999999999990e-02
3.950000000000000039e-02
4.000000000000000083e-02
5.439999999999999697e-02
3.930000000000000160e-02
3.910000000000000281e-02
2.680000000000000090e-02
4.089999999999999886e-02
3.620000000000000301e-02
3.389999999999999958e-02
3.320000000000000034e-02
3.020000000000000115e-02
5.840000000000000052e-02
6.450000000000000178e-02
4.259999999999999898e-02
2.290000000000000022e-02
2.299999999999999961e-02
3.529999999999999805e-02
3.810000000000000192e-02
3.109999999999999917e-02
5.890000000000000097e-02
3.830000000000000071e-02
1.839999999999999969e-02
3.119999999999999857e-02
2.610000000000000167e-02
2.040000000000000147e-02
1.919999999999999832e-02
2.589999999999999941e-02
2.409999999999999989e-02
2.520000000000000018e-02
2.949999999999999845e-02
2.769999999999999893e-02
3.160000000000000309e-02
1.679999999999999896e-02
1.779999999999999985e-02
3.080000000000000099e-02
4.739999999999999769e-02
2.790000000000000119e-02
4.000000000000000083e-02
3.479999999999999760e-02
2.939999999999999905e-02
1.519999999999999997e-02
1.799999999999999864e-02
2.299999999999999961e-02
3.849999999999999950e-02
2.500000000000000139e-02
1.919999999999999832e-02
3.259999999999999704e-02
3.470000000000000168e-02
2.819999999999999937e-02
1.529999999999999936e-02
1.779999999999999985e-02
1.890000000000000013e-02
1.959999999999999937e-02
2.450000000000000094e-02
1.609999999999999973e-02
3.420000000000000123e-02
2.910000000000000087e-02
2.980000000000000010e-02
3.180000000000000188e-02
2.970000000000000070e-02
3.370000000000000079e-02
2.079999999999999905e-02
3.640000000000000180e-02
3.880000000000000115e-02
3.540000000000000091e-02
3.839999999999999664e-02
1.859999999999999848e-02
2.129999999999999949e-02
3.559999999999999970e-02
1.959999999999999937e-02
3.810000000000000192e-02
3.160000000000000309e-02
2.809999999999999998e-02
2.769999999999999893e-02
3.880000000000000115e-02
3.520000000000000212e-02
8.010000000000000453e-02
3.760000000000000148e-02
1.619999999999999912e-02
1.750000000000000167e-02
2.450000000000000094e-02
2.139999999999999888e-02
4.050000000000000128e-02
3.059999999999999873e-02
2.479999999999999913e-02
5.650000000000000161e-02
8.540000000000000369e-02
1.779999999999999985e-02
4.070000000000000007e-02
3.810000000000000192e-02
1.559999999999999928e-02
3.059999999999999873e-02
9.460000000000000353e-02
3.379999999999999671e-02
5.310000000000000137e-02
3.839999999999999664e-02
5.179999999999999882e-02
3.119999999999999857e-02
5.650000000000000161e-02
8.659999999999999643e-02
7.159999999999999698e-02
1.660000000000000017e-02
4.519999999999999712e-02
3.889999999999999708e-02
3.610000000000000014e-02
7.739999999999999658e-02
1.115000000000000019e-01
2.255999999999999950e-01
1.250000000000000069e-02
6.000000000000000125e-03
2.889999999999999861e-02
4.299999999999999656e-02
1.700000000000000122e-02
1.220000000000000077e-02
2.580000000000000002e-02
4.929999999999999660e-02
6.510000000000000508e-02
4.359999999999999987e-02
7.080000000000000182e-02
7.639999999999999569e-02
4.750000000000000056e-02
4.839999999999999858e-02
3.339999999999999913e-02
4.590000000000000330e-02
3.219999999999999946e-02
4.560000000000000164e-02
5.149999999999999717e-02
5.460000000000000270e-02
4.100000000000000172e-02
8.630000000000000171e-02
1.066000000000000003e-01
1.587999999999999967e-01
3.729999999999999982e-02
1.080000000000000057e-02
4.410000000000000031e-02
3.299999999999999982e-03
1.269999999999999948e-02
4.059999999999999720e-02
2.570000000000000062e-02
3.239999999999999825e-02
5.009999999999999870e-02
6.180000000000000077e-02
6.069999999999999701e-02
4.830000000000000265e-02
1.969999999999999876e-02
1.020000000000000073e-02
8.079999999999999682e-02
1.111999999999999933e-01
4.660000000000000253e-01
2.719999999999999848e-02
3.373999999999999777e-01
6.021999999999999575e-01
1.082999999999999935e-01
1.839999999999999969e-02
3.700000000000000164e-03
8.899999999999999925e-03
8.300000000000000086e-03
4.320000000000000229e-02
4.370000000000000273e-02
3.080000000000000099e-02
2.089999999999999844e-02
3.470000000000000168e-02
5.349999999999999895e-02
4.329999999999999821e-02
4.120000000000000051e-02
6.569999999999999452e-02
7.979999999999999594e-02
9.349999999999999978e-02
6.119999999999999746e-02
6.779999999999999916e-02
4.809999999999999692e-02
7.920000000000000651e-02
6.569999999999999452e-02
4.920000000000000068e-02
4.150000000000000216e-02
8.300000000000000433e-02
6.740000000000000158e-02
2.800000000000000058e-02
1.519999999999999997e-02
1.689999999999999836e-02
2.610000000000000167e-02
7.839999999999999747e-02
6.069999999999999701e-02
2.479999999999999913e-02
2.280000000000000082e-02
6.629999999999999782e-02
5.750000000000000250e-02
3.579999999999999849e-02
4.279999999999999777e-02
4.979999999999999705e-02
5.659999999999999754e-02
2.599999999999999881e-02
5.190000000000000169e-02
4.410000000000000031e-02
9.840000000000000135e-02
3.440000000000000002e-02
4.329999999999999821e-02
3.710000000000000103e-02
8.300000000000000433e-02
6.149999999999999911e-02
4.299999999999999656e-02
5.439999999999999697e-02
3.989999999999999797e-02
2.359999999999999945e-02
4.739999999999999769e-02
5.820000000000000173e-02
7.389999999999999347e-02
5.990000000000000185e-02
6.809999999999999387e-02
8.309999999999999332e-02
5.050000000000000322e-02
8.559999999999999554e-02
9.979999999999999982e-02
6.930000000000000049e-02
9.660000000000000531e-02
1.549999999999999989e-02
2.009999999999999981e-02
2.879999999999999921e-02
2.649999999999999925e-02
1.529999999999999936e-02
1.949999999999999997e-02
1.890000000000000013e-02
4.100000000000000172e-02
2.560000000000000123e-02
3.049999999999999933e-02
2.189999999999999933e-02
2.369999999999999885e-02
3.520000000000000212e-02
3.490000000000000047e-02
4.929999999999999660e-02
2.840000000000000163e-02
3.160000000000000309e-02
2.829999999999999877e-02
2.980000000000000010e-02
3.339999999999999913e-02
4.800000000000000100e-02
1.810000000000000150e-02
2.960000000000000131e-02
3.280000000000000276e-02
2.889999999999999861e-02
4.320000000000000229e-02
3.309999999999999748e-02
4.630000000000000088e-02
3.889999999999999708e-02
4.979999999999999705e-02
3.370000000000000079e-02
4.370000000000000273e-02
6.710000000000000686e-02
5.929999999999999855e-02
2.400000000000000050e-02
1.940000000000000058e-02
4.769999999999999934e-02
5.510000000000000314e-02
1.113999999999999990e-01
7.299999999999999545e-02
5.220000000000000334e-02
9.940000000000000224e-02
6.679999999999999827e-02
2.630000000000000046e-02
5.179999999999999882e-02
5.619999999999999996e-02
5.199999999999999761e-02
4.259999999999999898e-02
1.199999999999999956e-01
1.130000000000000032e-01
9.520000000000000684e-02
4.270000000000000184e-02
6.679999999999999827e-02
4.809999999999999692e-02
5.439999999999999697e-02
6.169999999999999790e-02
7.760000000000000231e-02
6.489999999999999936e-02
1.302000000000000102e-01
8.999999999999999667e-02
3.760000000000000148e-02
1.112999999999999962e-01
7.720000000000000473e-02
2.460000000000000034e-02
7.749999999999999944e-02
7.459999999999999964e-02
8.669999999999999929e-02
4.070000000000000007e-02
4.469999999999999668e-02
8.169999999999999485e-02
1.504999999999999949e-01
2.928999999999999937e-01
4.727999999999999980e-01
1.457699999999999996e+00
9.244999999999999885e-01
3.884000000000000230e-01
2.862000000000000099e-01
8.309999999999999332e-02
3.679999999999999938e-01
1.769999999999999907e-01
1.895999999999999908e-01
7.879999999999999505e-02
1.804000000000000048e-01
1.057000000000000023e-01
1.338999999999999913e-01
1.123999999999999999e-01
1.048999999999999932e-01
1.441000000000000059e-01
9.679999999999999716e-02
1.574000000000000121e-01
2.074000000000000010e-01
1.176999999999999991e-01
1.458000000000000129e-01
1.710000000000000131e-01
9.660000000000000531e-02
1.383000000000000063e-01
1.506000000000000116e-01
1.652000000000000135e-01
1.024000000000000049e-01
1.267000000000000071e-01
1.176999999999999991e-01
1.376999999999999891e-01
2.600999999999999979e-01
3.754000000000000115e-01
4.351999999999999758e-01
8.175000000000000044e-01
1.524000000000000077e-01
1.453000000000000125e-01
6.819999999999999674e-02
9.320000000000000506e-02
1.255999999999999894e-01
1.575999999999999901e-01
2.126000000000000112e-01
2.253000000000000003e-01
1.698000000000000065e-01
2.285000000000000087e-01
1.580000000000000016e-01
1.690000000000000113e-01
2.896000000000000241e-01
3.333999999999999742e-01
5.242999999999999883e-01
5.931999999999999496e-01
7.377000000000000224e-01
2.384999999999999898e-01
8.269999999999999574e-02
8.920000000000000151e-02
1.150000000000000050e-01
1.612000000000000099e-01
2.099000000000000032e-01
2.474000000000000088e-01
2.688999999999999724e-01
2.129000000000000059e-01
3.089999999999999969e-01
4.526999999999999913e-01
2.777000000000000024e-01
1.348999999999999921e-01
8.619999999999999885e-02
8.609999999999999598e-02
1.365999999999999992e-01
1.350999999999999979e-01
1.320999999999999952e-01
2.748999999999999777e-01
2.589000000000000190e-01
3.366999999999999993e-01
2.207999999999999963e-01
3.267999999999999794e-01
6.157000000000000250e-01
1.790300000000000002e+00
5.380000000000000338e-01
1.071000000000000008e-01
1.016999999999999987e-01
1.015000000000000069e-01
1.925000000000000044e-01
1.779999999999999916e-01
2.205000000000000016e-01
2.444000000000000061e-01
2.728999999999999759e-01
4.218000000000000083e-01
3.730999999999999872e-01
2.237000000000000099e-01
1.091000000000000025e-01
7.879999999999999505e-02
7.560000000000000053e-02
8.219999999999999529e-02
1.057000000000000023e-01
1.037000000000000005e-01
1.168000000000000010e-01
7.860000000000000320e-02
9.260000000000000175e-02
1.448000000000000120e-01
1.584000000000000130e-01
1.542000000000000037e-01
1.274000000000000132e-01
1.386000000000000010e-01
1.312000000000000111e-01
1.557000000000000051e-01
1.275000000000000022e-01
1.034999999999999948e-01
6.239999999999999714e-02
8.640000000000000457e-02
1.072000000000000036e-01
9.990000000000000269e-02
9.800000000000000377e-02
1.207000000000000017e-01
1.058999999999999941e-01
1.068999999999999950e-01
5.390000000000000346e-02
4.420000000000000318e-02
1.034000000000000058e-01
1.010999999999999954e-01
1.095000000000000001e-01
9.030000000000000526e-02
7.199999999999999456e-02
7.549999999999999767e-02
1.005000000000000060e-01
1.035999999999999976e-01
1.011999999999999983e-01
9.869999999999999607e-02
6.410000000000000420e-02
1.471000000000000085e-01
1.071000000000000008e-01
8.229999999999999816e-02
1.246000000000000024e-01
7.240000000000000602e-02
1.297999999999999987e-01
7.560000000000000053e-02
8.530000000000000082e-02
4.739999999999999769e-02
8.719999999999999973e-02
9.039999999999999425e-02
5.510000000000000314e-02
8.409999999999999420e-02
4.229999999999999732e-02
6.110000000000000153e-02
6.890000000000000291e-02
6.869999999999999718e-02
6.090000000000000274e-02
2.769999999999999893e-02
8.590000000000000413e-02
8.110000000000000542e-02
6.590000000000000024e-02
6.700000000000000400e-02
6.230000000000000121e-02
5.890000000000000097e-02
1.217000000000000026e-01
1.381000000000000005e-01
1.718000000000000083e-01
1.111999999999999933e-01
7.929999999999999549e-02
7.190000000000000557e-02
8.039999999999999925e-02
8.939999999999999336e-02
7.209999999999999742e-02
9.740000000000000047e-02
1.970999999999999974e-01
1.353000000000000036e-01
1.063000000000000056e-01
9.679999999999999716e-02
1.009000000000000036e-01
1.297999999999999987e-01
1.375000000000000111e-01
7.829999999999999460e-02
1.476999999999999980e-01
1.184999999999999942e-01
8.509999999999999509e-02
4.789999999999999813e-02
7.810000000000000275e-02
7.799999999999999989e-02
6.389999999999999847e-02
5.160000000000000003e-02
1.063000000000000056e-01
1.200999999999999984e-01
8.680000000000000215e-02
6.950000000000000622e-02
5.419999999999999818e-02
9.170000000000000373e-02
1.060999999999999999e-01
2.299999999999999961e-02
5.600000000000000117e-02
2.889999999999999861e-02
1.231000000000000011e-01
7.109999999999999654e-02
1.050999999999999990e-01
8.400000000000000522e-02
1.102999999999999953e-01
1.750000000000000167e-02
4.259999999999999898e-02
