2.165500000000000203e+00
1.040100000000000025e+00
4.932000000000000273e-01
4.838999999999999968e-01
2.792999999999999927e-01
3.013000000000000123e-01
3.185000000000000053e-01
2.398000000000000131e-01
2.477999999999999925e-01
2.747999999999999887e-01
2.421999999999999986e-01
2.605999999999999983e-01
2.316000000000000003e-01
2.159000000000000086e-01
2.036000000000000032e-01
1.602000000000000091e-01
1.701000000000000012e-01
1.978999999999999926e-01
1.960999999999999965e-01
1.716000000000000025e-01
1.454000000000000015e-01
1.816000000000000114e-01
1.567999999999999949e-01
1.789999999999999925e-01
1.338999999999999913e-01
1.670000000000000095e-01
1.469999999999999918e-01
1.540999999999999870e-01
1.292000000000000093e-01
1.414999999999999869e-01
1.223999999999999949e-01
7.420000000000000207e-02
9.160000000000000087e-02
1.489000000000000046e-01
1.317000000000000115e-01
8.269999999999999574e-02
9.279999999999999361e-02
7.870000000000000606e-02
8.169999999999999485e-02
1.476000000000000090e-01
7.710000000000000187e-02
9.950000000000000511e-02
9.420000000000000595e-02
8.680000000000000215e-02
5.050000000000000322e-02
5.369999999999999774e-02
6.850000000000000533e-02
6.940000000000000335e-02
8.029999999999999638e-02
8.930000000000000437e-02
8.469999999999999751e-02
6.410000000000000420e-02
8.890000000000000679e-02
6.069999999999999701e-02
5.770000000000000129e-02
3.209999999999999659e-02
7.109999999999999654e-02
6.769999999999999629e-02
5.000000000000000278e-02
5.059999999999999915e-02
5.510000000000000314e-02
4.750000000000000056e-02
3.810000000000000192e-02
4.179999999999999688e-02
5.229999999999999927e-02
5.380000000000000060e-02
3.629999999999999893e-02
4.460000000000000075e-02
4.279999999999999777e-02
4.710000000000000298e-02
4.220000000000000140e-02
5.639999999999999875e-02
3.780000000000000027e-02
2.050000000000000086e-02
2.479999999999999913e-02
3.259999999999999704e-02
3.409999999999999837e-02
4.059999999999999720e-02
2.869999999999999982e-02
2.670000000000000151e-02
2.900000000000000147e-02
4.030000000000000249e-02
2.819999999999999937e-02
2.330000000000000127e-02
4.299999999999999656e-02
2.199999999999999872e-02
1.919999999999999832e-02
2.369999999999999885e-02
2.409999999999999989e-02
3.409999999999999837e-02
2.920000000000000026e-02
1.580000000000000154e-02
2.450000000000000094e-02
2.960000000000000131e-02
1.689999999999999836e-02
2.089999999999999844e-02
2.429999999999999868e-02
2.900000000000000147e-02
2.889999999999999861e-02
2.910000000000000087e-02
1.650000000000000078e-02
2.369999999999999885e-02
1.880000000000000074e-02
1.600000000000000033e-02
1.559999999999999928e-02
1.729999999999999941e-02
1.739999999999999880e-02
1.529999999999999936e-02
2.409999999999999989e-02
1.720000000000000001e-02
1.839999999999999969e-02
1.959999999999999937e-02
1.290000000000000001e-02
1.519999999999999997e-02
2.079999999999999905e-02
2.680000000000000090e-02
1.640000000000000138e-02
1.310000000000000053e-02
2.580000000000000002e-02
1.140000000000000041e-02
1.129999999999999928e-02
1.629999999999999852e-02
1.510000000000000057e-02
2.189999999999999933e-02
1.080000000000000057e-02
1.179999999999999973e-02
1.149999999999999981e-02
2.170000000000000054e-02
2.309999999999999901e-02
1.250000000000000069e-02
8.699999999999999400e-03
2.139999999999999888e-02
1.490000000000000005e-02
2.100000000000000130e-02
1.020000000000000073e-02
9.100000000000000450e-03
1.239999999999999956e-02
9.299999999999999239e-03
1.269999999999999948e-02
1.310000000000000053e-02
2.220000000000000098e-02
1.760000000000000106e-02
9.299999999999999239e-03
1.779999999999999985e-02
1.009999999999999960e-02
1.089999999999999997e-02
1.030000000000000013e-02
1.230000000000000017e-02
9.700000000000000289e-03
1.559999999999999928e-02
1.329999999999999932e-02
1.299999999999999940e-02
7.700000000000000247e-03
7.700000000000000247e-03
1.349999999999999985e-02
9.499999999999999764e-03
7.700000000000000247e-03
9.499999999999999764e-03
7.199999999999999803e-03
1.299999999999999940e-02
8.099999999999999561e-03
6.400000000000000307e-03
1.820000000000000090e-02
2.529999999999999957e-02
1.280000000000000061e-02
9.700000000000000289e-03
6.199999999999999782e-03
7.100000000000000408e-03
1.299999999999999940e-02
9.700000000000000289e-03
6.300000000000000044e-03
9.299999999999999239e-03
1.760000000000000106e-02
8.800000000000000530e-03
7.000000000000000146e-03
7.400000000000000328e-03
9.700000000000000289e-03
5.799999999999999600e-03
7.300000000000000065e-03
1.590000000000000094e-02
1.000000000000000021e-02
4.899999999999999842e-03
6.300000000000000044e-03
8.600000000000000006e-03
5.199999999999999761e-03
7.599999999999999985e-03
6.899999999999999883e-03
6.799999999999999621e-03
6.599999999999999964e-03
7.400000000000000328e-03
1.549999999999999989e-02
6.799999999999999621e-03
8.600000000000000006e-03
6.700000000000000226e-03
4.899999999999999842e-03
5.700000000000000205e-03
1.430000000000000021e-02
1.750000000000000167e-02
7.100000000000000408e-03
4.700000000000000185e-03
9.499999999999999764e-03
7.400000000000000328e-03
8.800000000000000530e-03
4.599999999999999922e-03
5.899999999999999863e-03
3.899999999999999821e-03
6.300000000000000044e-03
1.220000000000000077e-02
7.100000000000000408e-03
2.799999999999999972e-03
5.100000000000000366e-03
6.799999999999999621e-03
5.599999999999999943e-03
7.700000000000000247e-03
3.899999999999999821e-03
8.000000000000000167e-03
5.199999999999999761e-03
7.100000000000000408e-03
3.700000000000000164e-03
8.999999999999999320e-03
1.069999999999999944e-02
5.700000000000000205e-03
6.799999999999999621e-03
9.100000000000000450e-03
5.100000000000000366e-03
4.400000000000000265e-03
7.499999999999999722e-03
5.899999999999999863e-03
1.110000000000000049e-02
1.039999999999999952e-02
5.700000000000000205e-03
7.799999999999999642e-03
8.899999999999999925e-03
4.899999999999999842e-03
8.399999999999999481e-03
1.310000000000000053e-02
3.599999999999999901e-03
4.700000000000000185e-03
1.069999999999999944e-02
2.399999999999999790e-03
5.000000000000000104e-03
9.499999999999999764e-03
6.599999999999999964e-03
5.899999999999999863e-03
7.199999999999999803e-03
3.399999999999999811e-03
7.100000000000000408e-03
1.839999999999999969e-02
3.700000000000000164e-03
5.899999999999999863e-03
6.499999999999999702e-03
4.899999999999999842e-03
6.199999999999999782e-03
8.999999999999999320e-03
7.799999999999999642e-03
5.400000000000000286e-03
7.300000000000000065e-03
6.599999999999999964e-03
9.799999999999999684e-03
9.700000000000000289e-03
6.300000000000000044e-03
7.700000000000000247e-03
6.400000000000000307e-03
6.599999999999999964e-03
1.039999999999999952e-02
1.069999999999999944e-02
3.200000000000000153e-03
6.100000000000000387e-03
1.050000000000000065e-02
6.899999999999999883e-03
6.300000000000000044e-03
7.599999999999999985e-03
8.800000000000000530e-03
2.009999999999999981e-02
1.119999999999999989e-02
1.199999999999999895e-03
3.099999999999999891e-03
1.199999999999999895e-03
5.599999999999999943e-03
5.000000000000000104e-03
7.799999999999999642e-03
7.799999999999999642e-03
1.060000000000000005e-02
8.800000000000000530e-03
6.400000000000000307e-03
3.299999999999999982e-03
7.000000000000000146e-03
4.400000000000000265e-03
1.890000000000000013e-02
6.919999999999999762e-02
1.104000000000000092e+00
4.000000000000000083e-03
6.579000000000000403e-01
3.221999999999999864e-01
2.162999999999999923e-01
2.540999999999999925e-01
1.039999999999999952e-02
6.599999999999999964e-03
1.899999999999999996e-03
8.399999999999999481e-03
4.000000000000000192e-04
1.000000000000000048e-04
8.000000000000000383e-04
2.989999999999999949e-02
0.000000000000000000e+00
0.000000000000000000e+00
8.999999999999999754e-04
0.000000000000000000e+00
1.000000000000000048e-04
0.000000000000000000e+00
0.000000000000000000e+00
2.000000000000000096e-04
5.999999999999999474e-04
5.000000000000000104e-04
1.000000000000000048e-04
0.000000000000000000e+00
0.000000000000000000e+00
0.000000000000000000e+00
0.000000000000000000e+00
0.000000000000000000e+00
2.000000000000000096e-04
1.000000000000000048e-04
1.000000000000000048e-04
0.000000000000000000e+00
0.000000000000000000e+00
0.000000000000000000e+00
0.000000000000000000e+00
0.000000000000000000e+00
1.000000000000000048e-04
1.000000000000000048e-04
2.200000000000000133e-03
0.000000000000000000e+00
1.000000000000000048e-04
0.000000000000000000e+00
1.000000000000000048e-04
0.000000000000000000e+00
1.000000000000000048e-04
2.000000000000000096e-04
0.000000000000000000e+00
5.000000000000000104e-04
0.000000000000000000e+00
0.000000000000000000e+00
1.000000000000000048e-04
0.000000000000000000e+00
1.000000000000000048e-04
2.000000000000000096e-04
1.000000000000000048e-04
0.000000000000000000e+00
0.000000000000000000e+00
0.000000000000000000e+00
0.000000000000000000e+00
5.000000000000000104e-04
0.000000000000000000e+00
0.000000000000000000e+00
1.000000000000000021e-03
0.000000000000000000e+00
0.000000000000000000e+00
1.000000000000000048e-04
0.000000000000000000e+00
0.000000000000000000e+00
0.000000000000000000e+00
1.000000000000000048e-04
0.000000000000000000e+00
0.000000000000000000e+00
1.000000000000000048e-04
2.000000000000000096e-04
0.000000000000000000e+00
2.000000000000000096e-04
0.000000000000000000e+00
0.000000000000000000e+00
0.000000000000000000e+00
0.000000000000000000e+00
0.000000000000000000e+00
0.000000000000000000e+00
0.000000000000000000e+00
0.000000000000000000e+00
0.000000000000000000e+00
0.000000000000000000e+00
0.000000000000000000e+00
0.000000000000000000e+00
0.000000000000000000e+00
0.000000000000000000e+00
1.000000000000000048e-04
0.000000000000000000e+00
0.000000000000000000e+00
0.000000000000000000e+00
0.000000000000000000e+00
1.000000000000000048e-04
0.000000000000000000e+00
0.000000000000000000e+00
1.000000000000000048e-04
0.000000000000000000e+00
0.000000000000000000e+00
0.000000000000000000e+00
0.000000000000000000e+00
2.999999999999999737e-04
0.000000000000000000e+00
0.000000000000000000e+00
0.000000000000000000e+00
0.000000000000000000e+00
0.000000000000000000e+00
1.000000000000000048e-04
1.000000000000000048e-04
1.000000000000000048e-04
9.400000000000000369e-03
0.000000000000000000e+00
0.000000000000000000e+00
0.000000000000000000e+00
0.000000000000000000e+00
0.000000000000000000e+00
0.000000000000000000e+00
1.000000000000000048e-04
0.000000000000000000e+00
0.000000000000000000e+00
0.000000000000000000e+00
0.000000000000000000e+00
0.000000000000000000e+00
0.000000000000000000e+00
0.000000000000000000e+00
2.999999999999999737e-04
8.999999999999999754e-04
0.000000000000000000e+00
0.000000000000000000e+00
0.000000000000000000e+00
0.000000000000000000e+00
0.000000000000000000e+00
0.000000000000000000e+00
0.000000000000000000e+00
0.000000000000000000e+00
0.000000000000000000e+00
0.000000000000000000e+00
0.000000000000000000e+00
0.000000000000000000e+00
0.000000000000000000e+00
0.000000000000000000e+00
1.000000000000000048e-04
0.000000000000000000e+00
0.000000000000000000e+00
0.000000000000000000e+00
0.000000000000000000e+00
0.000000000000000000e+00
1.000000000000000048e-04
0.000000000000000000e+00
0.000000000000000000e+00
0.000000000000000000e+00
0.000000000000000000e+00
0.000000000000000000e+00
0.000000000000000000e+00
0.000000000000000000e+00
1.000000000000000048e-04
0.000000000000000000e+00
0.000000000000000000e+00
0.000000000000000000e+00
0.000000000000000000e+00
0.000000000000000000e+00
0.000000000000000000e+00
0.000000000000000000e+00
0.000000000000000000e+00
0.000000000000000000e+00
0.000000000000000000e+00
0.000000000000000000e+00
0.000000000000000000e+00
0.000000000000000000e+00
0.000000000000000000e+00
0.000000000000000000e+00
0.000000000000000000e+00
0.000000000000000000e+00
0.000000000000000000e+00
0.000000000000000000e+00
0.000000000000000000e+00
0.000000000000000000e+00
0.000000000000000000e+00
0.000000000000000000e+00
0.000000000000000000e+00
0.000000000000000000e+00
0.000000000000000000e+00
0.000000000000000000e+00
1.000000000000000048e-04
0.000000000000000000e+00
0.000000000000000000e+00
1.000000000000000048e-04
0.000000000000000000e+00
0.000000000000000000e+00
0.000000000000000000e+00
0.000000000000000000e+00
0.000000000000000000e+00
0.000000000000000000e+00
0.000000000000000000e+00
1.000000000000000048e-04
0.000000000000000000e+00
0.000000000000000000e+00
1.000000000000000048e-04
0.000000000000000000e+00
0.000000000000000000e+00
0.000000000000000000e+00
0.000000000000000000e+00
0.000000000000000000e+00
1.000000000000000048e-04
0.000000000000000000e+00
0.000000000000000000e+00
1.000000000000000048e-04
0.000000000000000000e+00
0.000000000000000000e+00
0.000000000000000000e+00
0.000000000000000000e+00
0.000000000000000000e+00
0.000000000000000000e+00
0.000000000000000000e+00
0.000000000000000000e+00
0.000000000000000000e+00
0.000000000000000000e+00
0.000000000000000000e+00
0.000000000000000000e+00
0.000000000000000000e+00
0.000000000000000000e+00
0.000000000000000000e+00
0.000000000000000000e+00
0.000000000000000000e+00
0.000000000000000000e+00
0.000000000000000000e+00
0.000000000000000000e+00
0.000000000000000000e+00
0.000000000000000000e+00
0.000000000000000000e+00
0.000000000000000000e+00
0.000000000000000000e+00
0.000000000000000000e+00
0.000000000000000000e+00
0.000000000000000000e+00
0.000000000000000000e+00
0.000000000000000000e+00
0.000000000000000000e+00
0.000000000000000000e+00
0.000000000000000000e+00
0.000000000000000000e+00
0.000000000000000000e+00
1.000000000000000048e-04
0.000000000000000000e+00
0.000000000000000000e+00
0.000000000000000000e+00
0.000000000000000000e+00
0.000000000000000000e+00
0.000000000000000000e+00
0.000000000000000000e+00
0.000000000000000000e+00
0.000000000000000000e+00
2.999999999999999737e-04
0.000000000000000000e+00
0.000000000000000000e+00
0.000000000000000000e+00
1.000000000000000048e-04
0.000000000000000000e+00
0.000000000000000000e+00
0.000000000000000000e+00
0.000000000000000000e+00
0.000000000000000000e+00
1.000000000000000048e-04
0.000000000000000000e+00
2.000000000000000096e-04
0.000000000000000000e+00
0.000000000000000000e+00
0.000000000000000000e+00
0.000000000000000000e+00
0.000000000000000000e+00
0.000000000000000000e+00
0.000000000000000000e+00
0.000000000000000000e+00
0.000000000000000000e+00
0.000000000000000000e+00
0.000000000000000000e+00
0.000000000000000000e+00
0.000000000000000000e+00
0.000000000000000000e+00
1.000000000000000048e-04
0.000000000000000000e+00
0.000000000000000000e+00
0.000000000000000000e+00
0.000000000000000000e+00
0.000000000000000000e+00
0.000000000000000000e+00
0.000000000000000000e+00
0.000000000000000000e+00
0.000000000000000000e+00
0.000000000000000000e+00
0.000000000000000000e+00
0.000000000000000000e+00
0.000000000000000000e+00
0.000000000000000000e+00
0.000000000000000000e+00
0.000000000000000000e+00
0.000000000000000000e+00
0.000000000000000000e+00
0.000000000000000000e+00
0.000000000000000000e+00
0.000000000000000000e+00
0.000000000000000000e+00
0.000000000000000000e+00
0.000000000000000000e+00
0.000000000000000000e+00
0.000000000000000000e+00
0.000000000000000000e+00
0.000000000000000000e+00
1.000000000000000048e-04
0.000000000000000000e+00
0.000000000000000000e+00
0.000000000000000000e+00
0.000000000000000000e+00
0.000000000000000000e+00
0.000000000000000000e+00
0.000000000000000000e+00
0.000000000000000000e+00
0.000000000000000000e+00
0.000000000000000000e+00
0.000000000000000000e+00
0.000000000000000000e+00
0.000000000000000000e+00
0.000000000000000000e+00
0.000000000000000000e+00
0.000000000000000000e+00
0.000000000000000000e+00
0.000000000000000000e+00
0.000000000000000000e+00
0.000000000000000000e+00
0.000000000000000000e+00
0.000000000000000000e+00
0.000000000000000000e+00
0.000000000000000000e+00
0.000000000000000000e+00
0.000000000000000000e+00
0.000000000000000000e+00
0.000000000000000000e+00
0.000000000000000000e+00
0.000000000000000000e+00
0.000000000000000000e+00
0.000000000000000000e+00
0.000000000000000000e+00
0.000000000000000000e+00
0.000000000000000000e+00
0.000000000000000000e+00
0.000000000000000000e+00
0.000000000000000000e+00
0.000000000000000000e+00
0.000000000000000000e+00
0.000000000000000000e+00
0.000000000000000000e+00
0.000000000000000000e+00
0.000000000000000000e+00
0.000000000000000000e+00
0.000000000000000000e+00
0.000000000000000000e+00
0.000000000000000000e+00
0.000000000000000000e+00
0.000000000000000000e+00
0.000000000000000000e+00
0.000000000000000000e+00
0.000000000000000000e+00
1.000000000000000048e-04
0.000000000000000000e+00
0.000000000000000000e+00
0.000000000000000000e+00
0.000000000000000000e+00
0.000000000000000000e+00
0.000000000000000000e+00
1.000000000000000048e-04
0.000000000000000000e+00
0.000000000000000000e+00
0.000000000000000000e+00
0.000000000000000000e+00
0.000000000000000000e+00
0.000000000000000000e+00
0.000000000000000000e+00
0.000000000000000000e+00
0.000000000000000000e+00
0.000000000000000000e+00
0.000000000000000000e+00
0.000000000000000000e+00
0.000000000000000000e+00
0.000000000000000000e+00
0.000000000000000000e+00
0.000000000000000000e+00
0.000000000000000000e+00
0.000000000000000000e+00
0.000000000000000000e+00
0.000000000000000000e+00
0.000000000000000000e+00
0.000000000000000000e+00
0.000000000000000000e+00
0.000000000000000000e+00
0.000000000000000000e+00
0.000000000000000000e+00
0.000000000000000000e+00
0.000000000000000000e+00
0.000000000000000000e+00
0.000000000000000000e+00
0.000000000000000000e+00
0.000000000000000000e+00
0.000000000000000000e+00
0.000000000000000000e+00
0.000000000000000000e+00
0.000000000000000000e+00
0.000000000000000000e+00
0.000000000000000000e+00
0.000000000000000000e+00
0.000000000000000000e+00
0.000000000000000000e+00
0.000000000000000000e+00
0.000000000000000000e+00
0.000000000000000000e+00
0.000000000000000000e+00
1.000000000000000048e-04
0.000000000000000000e+00
0.000000000000000000e+00
0.000000000000000000e+00
0.000000000000000000e+00
0.000000000000000000e+00
0.000000000000000000e+00
0.000000000000000000e+00
0.000000000000000000e+00
0.000000000000000000e+00
0.000000000000000000e+00
0.000000000000000000e+00
0.000000000000000000e+00
0.000000000000000000e+00
0.000000000000000000e+00
0.000000000000000000e+00
0.000000000000000000e+00
0.000000000000000000e+00
0.000000000000000000e+00
0.000000000000000000e+00
0.000000000000000000e+00
0.000000000000000000e+00
0.000000000000000000e+00
0.000000000000000000e+00
0.000000000000000000e+00
0.000000000000000000e+00
0.000000000000000000e+00
0.000000000000000000e+00
1.000000000000000048e-04
0.000000000000000000e+00
0.000000000000000000e+00
0.000000000000000000e+00
0.000000000000000000e+00
0.000000000000000000e+00
0.000000000000000000e+00
0.000000000000000000e+00
0.000000000000000000e+00
0.000000000000000000e+00
0.000000000000000000e+00
0.000000000000000000e+00
0.000000000000000000e+00
0.000000000000000000e+00
0.000000000000000000e+00
0.000000000000000000e+00
0.000000000000000000e+00
0.000000000000000000e+00
0.000000000000000000e+00
0.000000000000000000e+00
0.000000000000000000e+00
0.000000000000000000e+00
0.000000000000000000e+00
0.000000000000000000e+00
0.000000000000000000e+00
1.000000000000000048e-04
0.000000000000000000e+00
0.000000000000000000e+00
0.000000000000000000e+00
0.000000000000000000e+00
0.000000000000000000e+00
0.000000000000000000e+00
0.000000000000000000e+00
0.000000000000000000e+00
0.000000000000000000e+00
0.000000000000000000e+00
0.000000000000000000e+00
0.000000000000000000e+00
0.000000000000000000e+00
2.000000000000000096e-04
0.000000000000000000e+00
0.000000000000000000e+00
0.000000000000000000e+00
0.000000000000000000e+00
0.000000000000000000e+00
0.000000000000000000e+00
0.000000000000000000e+00
0.000000000000000000e+00
0.000000000000000000e+00
0.000000000000000000e+00
1.000000000000000048e-04
0.000000000000000000e+00
0.000000000000000000e+00
0.000000000000000000e+00
0.000000000000000000e+00
0.000000000000000000e+00
0.000000000000000000e+00
0.000000000000000000e+00
0.000000000000000000e+00
0.000000000000000000e+00
0.000000000000000000e+00
0.000000000000000000e+00
0.000000000000000000e+00
0.000000000000000000e+00
0.000000000000000000e+00
0.000000000000000000e+00
0.000000000000000000e+00
0.000000000000000000e+00
0.000000000000000000e+00
0.000000000000000000e+00
0.000000000000000000e+00
0.000000000000000000e+00
0.000000000000000000e+00
0.000000000000000000e+00
0.000000000000000000e+00
0.000000000000000000e+00
0.000000000000000000e+00
0.000000000000000000e+00
0.000000000000000000e+00
0.000000000000000000e+00
0.000000000000000000e+00
0.000000000000000000e+00
0.000000000000000000e+00
0.000000000000000000e+00
0.000000000000000000e+00
0.000000000000000000e+00
0.000000000000000000e+00
0.000000000000000000e+00
0.000000000000000000e+00
0.000000000000000000e+00
0.000000000000000000e+00
0.000000000000000000e+00
0.000000000000000000e+00
0.000000000000000000e+00
0.000000000000000000e+00
2.000000000000000096e-04
0.000000000000000000e+00
0.000000000000000000e+00
0.000000000000000000e+00
0.000000000000000000e+00
0.000000000000000000e+00
0.000000000000000000e+00
0.000000000000000000e+00
0.000000000000000000e+00
0.000000000000000000e+00
0.000000000000000000e+00
0.000000000000000000e+00
0.000000000000000000e+00
0.000000000000000000e+00
0.000000000000000000e+00
0.000000000000000000e+00
0.000000000000000000e+00
0.000000000000000000e+00
0.000000000000000000e+00
0.000000000000000000e+00
0.000000000000000000e+00
0.000000000000000000e+00
0.000000000000000000e+00
0.000000000000000000e+00
0.000000000000000000e+00
0.000000000000000000e+00
0.000000000000000000e+00
0.000000000000000000e+00
0.000000000000000000e+00
0.000000000000000000e+00
0.000000000000000000e+00
0.000000000000000000e+00
0.000000000000000000e+00
0.000000000000000000e+00
0.000000000000000000e+00
0.000000000000000000e+00
0.000000000000000000e+00
0.000000000000000000e+00
0.000000000000000000e+00
0.000000000000000000e+00
0.000000000000000000e+00
0.000000000000000000e+00
0.000000000000000000e+00
0.000000000000000000e+00
0.000000000000000000e+00
0.000000000000000000e+00
0.000000000000000000e+00
0.000000000000000000e+00
0.000000000000000000e+00
0.000000000000000000e+00
0.000000000000000000e+00
0.000000000000000000e+00
0.000000000000000000e+00
0.000000000000000000e+00
0.000000000000000000e+00
0.000000000000000000e+00
0.000000000000000000e+00
0.000000000000000000e+00
0.000000000000000000e+00
0.000000000000000000e+00
1.000000000000000048e-04
0.000000000000000000e+00
0.000000000000000000e+00
0.000000000000000000e+00
0.000000000000000000e+00
0.000000000000000000e+00
0.000000000000000000e+00
0.000000000000000000e+00
0.000000000000000000e+00
0.000000000000000000e+00
0.000000000000000000e+00
1.000000000000000048e-04
0.000000000000000000e+00
0.000000000000000000e+00
0.000000000000000000e+00
0.000000000000000000e+00
0.000000000000000000e+00
0.000000000000000000e+00
0.000000000000000000e+00
0.000000000000000000e+00
0.000000000000000000e+00
0.000000000000000000e+00
0.000000000000000000e+00
0.000000000000000000e+00
0.000000000000000000e+00
0.000000000000000000e+00
0.000000000000000000e+00
0.000000000000000000e+00
1.000000000000000048e-04
0.000000000000000000e+00
0.000000000000000000e+00
0.000000000000000000e+00
0.000000000000000000e+00
0.000000000000000000e+00
0.000000000000000000e+00
0.000000000000000000e+00
0.000000000000000000e+00
0.000000000000000000e+00
0.000000000000000000e+00
0.000000000000000000e+00
0.000000000000000000e+00
0.000000000000000000e+00
0.000000000000000000e+00
0.000000000000000000e+00
0.000000000000000000e+00
0.000000000000000000e+00
0.000000000000000000e+00
0.000000000000000000e+00
0.000000000000000000e+00
0.000000000000000000e+00
0.000000000000000000e+00
0.000000000000000000e+00
0.000000000000000000e+00
0.000000000000000000e+00
0.000000000000000000e+00
0.000000000000000000e+00
0.000000000000000000e+00
0.000000000000000000e+00
0.000000000000000000e+00
0.000000000000000000e+00
0.000000000000000000e+00
0.000000000000000000e+00
0.000000000000000000e+00
0.000000000000000000e+00
0.000000000000000000e+00
0.000000000000000000e+00
0.000000000000000000e+00
0.000000000000000000e+00
0.000000000000000000e+00
0.000000000000000000e+00
0.000000000000000000e+00
0.000000000000000000e+00
0.000000000000000000e+00
0.000000000000000000e+00
0.000000000000000000e+00
0.000000000000000000e+00
0.000000000000000000e+00
0.000000000000000000e+00
0.000000000000000000e+00
0.000000000000000000e+00
0.000000000000000000e+00
0.000000000000000000e+00
0.000000000000000000e+00
0.000000000000000000e+00
0.000000000000000000e+00
0.000000000000000000e+00
0.000000000000000000e+00
0.000000000000000000e+00
0.000000000000000000e+00
0.000000000000000000e+00
0.000000000000000000e+00
0.000000000000000000e+00
0.000000000000000000e+00
0.000000000000000000e+00
0.000000000000000000e+00
0.000000000000000000e+00
0.000000000000000000e+00
0.000000000000000000e+00
0.000000000000000000e+00
0.000000000000000000e+00
0.000000000000000000e+00
0.000000000000000000e+00
0.000000000000000000e+00
0.000000000000000000e+00
0.000000000000000000e+00
0.000000000000000000e+00
0.000000000000000000e+00
0.000000000000000000e+00
0.000000000000000000e+00
0.000000000000000000e+00
0.000000000000000000e+00
0.000000000000000000e+00
0.000000000000000000e+00
0.000000000000000000e+00
0.000000000000000000e+00
0.000000000000000000e+00
0.000000000000000000e+00
0.000000000000000000e+00
0.000000000000000000e+00
0.000000000000000000e+00
0.000000000000000000e+00
0.000000000000000000e+00
0.000000000000000000e+00
0.000000000000000000e+00
0.000000000000000000e+00
0.000000000000000000e+00
0.000000000000000000e+00
0.000000000000000000e+00
0.000000000000000000e+00
0.000000000000000000e+00
0.000000000000000000e+00
0.000000000000000000e+00
0.000000000000000000e+00
0.000000000000000000e+00
0.000000000000000000e+00
1.000000000000000048e-04
0.000000000000000000e+00
0.000000000000000000e+00
0.000000000000000000e+00
0.000000000000000000e+00
0.000000000000000000e+00
0.000000000000000000e+00
0.000000000000000000e+00
1.000000000000000048e-04
0.000000000000000000e+00
0.000000000000000000e+00
0.000000000000000000e+00
0.000000000000000000e+00
0.000000000000000000e+00
0.000000000000000000e+00
0.000000000000000000e+00
0.000000000000000000e+00
0.000000000000000000e+00
0.000000000000000000e+00
0.000000000000000000e+00
0.000000000000000000e+00
0.000000000000000000e+00
0.000000000000000000e+00
0.000000000000000000e+00
0.000000000000000000e+00
0.000000000000000000e+00
0.000000000000000000e+00
0.000000000000000000e+00
0.000000000000000000e+00
0.000000000000000000e+00
0.000000000000000000e+00
0.000000000000000000e+00
0.000000000000000000e+00
0.000000000000000000e+00
0.000000000000000000e+00
0.000000000000000000e+00
0.000000000000000000e+00
0.000000000000000000e+00
0.000000000000000000e+00
0.000000000000000000e+00
0.000000000000000000e+00
0.000000000000000000e+00
0.000000000000000000e+00
0.000000000000000000e+00
0.000000000000000000e+00
0.000000000000000000e+00
0.000000000000000000e+00
0.000000000000000000e+00
0.000000000000000000e+00
0.000000000000000000e+00
0.000000000000000000e+00
0.000000000000000000e+00
0.000000000000000000e+00
0.000000000000000000e+00
0.000000000000000000e+00
0.000000000000000000e+00
0.000000000000000000e+00
0.000000000000000000e+00
0.000000000000000000e+00
0.000000000000000000e+00
0.000000000000000000e+00
0.000000000000000000e+00
0.000000000000000000e+00
0.000000000000000000e+00
0.000000000000000000e+00
0.000000000000000000e+00
0.000000000000000000e+00
0.000000000000000000e+00
0.000000000000000000e+00
0.000000000000000000e+00
0.000000000000000000e+00
0.000000000000000000e+00
0.000000000000000000e+00
0.000000000000000000e+00
0.000000000000000000e+00
0.000000000000000000e+00
0.000000000000000000e+00
0.000000000000000000e+00
0.000000000000000000e+00
0.000000000000000000e+00
0.000000000000000000e+00
0.000000000000000000e+00
0.000000000000000000e+00
0.000000000000000000e+00
0.000000000000000000e+00
0.000000000000000000e+00
0.000000000000000000e+00
0.000000000000000000e+00
0.000000000000000000e+00
0.000000000000000000e+00
0.000000000000000000e+00
0.000000000000000000e+00
0.000000000000000000e+00
0.000000000000000000e+00
0.000000000000000000e+00
0.000000000000000000e+00
0.000000000000000000e+00
0.000000000000000000e+00
0.000000000000000000e+00
0.000000000000000000e+00
0.000000000000000000e+00
0.000000000000000000e+00
0.000000000000000000e+00
0.000000000000000000e+00
0.000000000000000000e+00
0.000000000000000000e+00
0.000000000000000000e+00
0.000000000000000000e+00
0.000000000000000000e+00
0.000000000000000000e+00
0.000000000000000000e+00
0.000000000000000000e+00
0.000000000000000000e+00
0.000000000000000000e+00
0.000000000000000000e+00
0.000000000000000000e+00
0.000000000000000000e+00
1.000000000000000048e-04
0.000000000000000000e+00
0.000000000000000000e+00
0.000000000000000000e+00
0.000000000000000000e+00
0.000000000000000000e+00
0.000000000000000000e+00
0.000000000000000000e+00
0.000000000000000000e+00
0.000000000000000000e+00
0.000000000000000000e+00
0.000000000000000000e+00
0.000000000000000000e+00
0.000000000000000000e+00
0.000000000000000000e+00
0.000000000000000000e+00
0.000000000000000000e+00
0.000000000000000000e+00
0.000000000000000000e+00
0.000000000000000000e+00
0.000000000000000000e+00
0.000000000000000000e+00
0.000000000000000000e+00
0.000000000000000000e+00
1.000000000000000048e-04
0.000000000000000000e+00
0.000000000000000000e+00
0.000000000000000000e+00
0.000000000000000000e+00
0.000000000000000000e+00
0.000000000000000000e+00
0.000000000000000000e+00
0.000000000000000000e+00
0.000000000000000000e+00
0.000000000000000000e+00
0.000000000000000000e+00
0.000000000000000000e+00
0.000000000000000000e+00
0.000000000000000000e+00
0.000000000000000000e+00
0.000000000000000000e+00
0.000000000000000000e+00
0.000000000000000000e+00
0.000000000000000000e+00
0.000000000000000000e+00
0.000000000000000000e+00
0.000000000000000000e+00
0.000000000000000000e+00
0.000000000000000000e+00
0.000000000000000000e+00
0.000000000000000000e+00
0.000000000000000000e+00
0.000000000000000000e+00
0.000000000000000000e+00
0.000000000000000000e+00
0.000000000000000000e+00
0.000000000000000000e+00
0.000000000000000000e+00
0.000000000000000000e+00
0.000000000000000000e+00
0.000000000000000000e+00
0.000000000000000000e+00
0.000000000000000000e+00
0.000000000000000000e+00
0.000000000000000000e+00
0.000000000000000000e+00
0.000000000000000000e+00
0.000000000000000000e+00
0.000000000000000000e+00
0.000000000000000000e+00
0.000000000000000000e+00
0.000000000000000000e+00
0.000000000000000000e+00
0.000000000000000000e+00
0.000000000000000000e+00
0.000000000000000000e+00
0.000000000000000000e+00
0.000000000000000000e+00
0.000000000000000000e+00
0.000000000000000000e+00
0.000000000000000000e+00
1.000000000000000048e-04
0.000000000000000000e+00
0.000000000000000000e+00
0.000000000000000000e+00
0.000000000000000000e+00
0.000000000000000000e+00
0.000000000000000000e+00
0.000000000000000000e+00
0.000000000000000000e+00
0.000000000000000000e+00
0.000000000000000000e+00
0.000000000000000000e+00
0.000000000000000000e+00
0.000000000000000000e+00
0.000000000000000000e+00
0.000000000000000000e+00
0.000000000000000000e+00
0.000000000000000000e+00
0.000000000000000000e+00
0.000000000000000000e+00
0.000000000000000000e+00
0.000000000000000000e+00
0.000000000000000000e+00
0.000000000000000000e+00
0.000000000000000000e+00
