3.695600000000000218e+00
4.070100000000000051e+00
4.346700000000000230e+00
4.407199999999999562e+00
4.664600000000000080e+00
4.888799999999999812e+00
4.825800000000000090e+00
5.098300000000000054e+00
4.697400000000000020e+00
5.147100000000000009e+00
5.309400000000000119e+00
5.270900000000000141e+00
4.978600000000000136e+00
5.079699999999999882e+00
5.852599999999999802e+00
5.921000000000000263e+00
5.375099999999999767e+00
5.481200000000000294e+00
5.783400000000000318e+00
6.101300000000000168e+00
5.643099999999999561e+00
5.597400000000000375e+00
6.110899999999999999e+00
5.865000000000000213e+00
5.679199999999999804e+00
6.026900000000000368e+00
6.209399999999999586e+00
6.093499999999999694e+00
6.469100000000000072e+00
6.049900000000000055e+00
6.472999999999999865e+00
6.299900000000000055e+00
6.297100000000000364e+00
5.868299999999999628e+00
6.271799999999999820e+00
6.566600000000000215e+00
6.609399999999999942e+00
6.539600000000000080e+00
6.430900000000000283e+00
6.852299999999999613e+00
6.592600000000000016e+00
5.993599999999999817e+00
6.377100000000000435e+00
6.997600000000000264e+00
7.115899999999999892e+00
6.927699999999999747e+00
6.205400000000000027e+00
6.961999999999999744e+00
6.845699999999999896e+00
6.478299999999999947e+00
6.850799999999999557e+00
7.384100000000000108e+00
6.871400000000000396e+00
7.080199999999999605e+00
7.525299999999999656e+00
7.327399999999999913e+00
6.731200000000000294e+00
7.557599999999999874e+00
7.428200000000000358e+00
7.355400000000000382e+00
7.115599999999999703e+00
7.495300000000000296e+00
7.722800000000000331e+00
7.413700000000000401e+00
7.144800000000000040e+00
7.924599999999999866e+00
7.916599999999999859e+00
7.296999999999999709e+00
7.466300000000000381e+00
7.823199999999999932e+00
7.838899999999999757e+00
7.090900000000000425e+00
8.064600000000000435e+00
8.211299999999999599e+00
7.752799999999999692e+00
7.777300000000000324e+00
8.038999999999999702e+00
7.943100000000000271e+00
8.157099999999999795e+00
8.218999999999999417e+00
7.900999999999999801e+00
8.925000000000000711e+00
8.508399999999999963e+00
7.774399999999999977e+00
7.800699999999999967e+00
8.118299999999999628e+00
8.554600000000000648e+00
8.133900000000000574e+00
7.619699999999999918e+00
8.824400000000000688e+00
8.364000000000000767e+00
7.972100000000000186e+00
8.246199999999999974e+00
8.557199999999999918e+00
8.345599999999999241e+00
8.655599999999999739e+00
8.174400000000000333e+00
8.121199999999999974e+00
8.820100000000000051e+00
8.620699999999999363e+00
8.435499999999999332e+00
8.422499999999999432e+00
8.457900000000000418e+00
8.277200000000000557e+00
8.776799999999999713e+00
8.541299999999999670e+00
8.292400000000000659e+00
8.348399999999999821e+00
9.269000000000000128e+00
8.715899999999999537e+00
8.123599999999999710e+00
8.634800000000000253e+00
8.934100000000000819e+00
8.522399999999999309e+00
8.736599999999999255e+00
8.580500000000000682e+00
8.663600000000000634e+00
8.897700000000000387e+00
9.118399999999999395e+00
9.298299999999999343e+00
8.696300000000000807e+00
9.129599999999999937e+00
9.083600000000000563e+00
8.933799999999999741e+00
8.889699999999999491e+00
9.194300000000000139e+00
9.108100000000000307e+00
8.435499999999999332e+00
9.093500000000000583e+00
9.069200000000000372e+00
8.717599999999999127e+00
8.420299999999999230e+00
9.238400000000000389e+00
9.135799999999999699e+00
8.923799999999999955e+00
8.675300000000000011e+00
9.120400000000000063e+00
9.177099999999999369e+00
8.678300000000000125e+00
9.364599999999999369e+00
8.640700000000000713e+00
9.257099999999999440e+00
8.933099999999999596e+00
9.088400000000000034e+00
9.084699999999999775e+00
8.757199999999999207e+00
9.054600000000000648e+00
8.990299999999999514e+00
8.773600000000000065e+00
8.721000000000000085e+00
9.168799999999999173e+00
9.264799999999999258e+00
9.256700000000000372e+00
8.988699999999999690e+00
9.220700000000000784e+00
9.472500000000000142e+00
9.308799999999999741e+00
9.362700000000000244e+00
9.123300000000000409e+00
9.182000000000000384e+00
9.411300000000000665e+00
9.417400000000000659e+00
8.685000000000000497e+00
8.741300000000000736e+00
9.522600000000000620e+00
9.475500000000000256e+00
9.293799999999999173e+00
9.373799999999999244e+00
9.217499999999999361e+00
9.608299999999999841e+00
9.569000000000000838e+00
9.618999999999999773e+00
9.213499999999999801e+00
9.880000000000000782e+00
9.606099999999999639e+00
9.501899999999999125e+00
9.656599999999999184e+00
9.401099999999999568e+00
9.271000000000000796e+00
9.045099999999999696e+00
9.835000000000000853e+00
9.723900000000000432e+00
9.264900000000000801e+00
9.791900000000000048e+00
9.566599999999999326e+00
9.767799999999999372e+00
9.522500000000000853e+00
9.403800000000000381e+00
9.391999999999999460e+00
9.504200000000000870e+00
8.977600000000000691e+00
9.475400000000000489e+00
9.436600000000000321e+00
9.440799999999999415e+00
9.460000000000000853e+00
9.605499999999999261e+00
9.106899999999999551e+00
8.971700000000000230e+00
9.829900000000000304e+00
9.657600000000000406e+00
8.991400000000000503e+00
9.637600000000000833e+00
9.666499999999999204e+00
9.424200000000000799e+00
9.488799999999999457e+00
9.632799999999999585e+00
9.811400000000000787e+00
9.227499999999999147e+00
9.932100000000000151e+00
9.693599999999999994e+00
9.173500000000000654e+00
9.471899999999999764e+00
9.486399999999999721e+00
9.723000000000000753e+00
9.612500000000000711e+00
9.413500000000000867e+00
9.443400000000000460e+00
1.010379999999999967e+01
9.698399999999999466e+00
9.005699999999999150e+00
9.491300000000000736e+00
9.573700000000000543e+00
9.307800000000000296e+00
9.214900000000000091e+00
9.383800000000000807e+00
9.442199999999999704e+00
9.214399999999999480e+00
9.568799999999999528e+00
8.962899999999999423e+00
9.977700000000000458e+00
9.934300000000000352e+00
9.192099999999999937e+00
9.940300000000000580e+00
9.811299999999999244e+00
9.475400000000000489e+00
1.014460000000000051e+01
9.878899999999999793e+00
9.319499999999999673e+00
1.060519999999999996e+01
1.015450000000000053e+01
9.347699999999999676e+00
1.078159999999999918e+01
1.002790000000000070e+01
9.126099999999999213e+00
1.020209999999999972e+01
9.956699999999999662e+00
9.034399999999999764e+00
1.025360000000000049e+01
1.004369999999999941e+01
9.570299999999999585e+00
9.957200000000000273e+00
1.019079999999999941e+01
9.889499999999999957e+00
9.851000000000000867e+00
1.002180000000000071e+01
1.017929999999999957e+01
1.001769999999999960e+01
9.694000000000000838e+00
9.992599999999999483e+00
9.648400000000000531e+00
9.538600000000000634e+00
9.588100000000000733e+00
9.745100000000000762e+00
9.537399999999999878e+00
8.616400000000000503e+00
1.162340000000000018e+01
1.112429999999999986e+01
9.006000000000000227e+00
1.050890000000000057e+01
9.675300000000000011e+00
9.199400000000000688e+00
9.787599999999999412e+00
8.910000000000000142e+00
8.073000000000000398e+00
1.242169999999999952e+01
1.281739999999999924e+01
1.111209999999999987e+01
8.814700000000000202e+00
9.371000000000000441e+00
9.891000000000000014e+00
8.987000000000000099e+00
9.156700000000000728e+00
8.387399999999999523e+00
1.075619999999999976e+01
1.002950000000000053e+01
8.924400000000000333e+00
1.077180000000000071e+01
1.000730000000000075e+01
6.632900000000000240e+00
4.111070000000000135e+01
2.075740000000000052e+01
6.603200000000000180e+00
6.112740000000000151e+01
7.217839999999999634e+01
7.454099999999999682e+01
7.398669999999999902e+01
7.350480000000000302e+01
7.299370000000000402e+01
7.279500000000000171e+01
7.254420000000000357e+01
7.226069999999999993e+01
7.234269999999999357e+01
7.212409999999999854e+01
7.189520000000000266e+01
7.152639999999999532e+01
7.162800000000000011e+01
7.138569999999999993e+01
7.133209999999999695e+01
7.154550000000000409e+01
7.146769999999999357e+01
7.140840000000000032e+01
7.155209999999999582e+01
7.141710000000000491e+01
7.144639999999999702e+01
7.136820000000000164e+01
7.145569999999999311e+01
7.140879999999999939e+01
7.135349999999999682e+01
7.137489999999999668e+01
7.146040000000000703e+01
7.138519999999999754e+01
7.127249999999999375e+01
7.131449999999999534e+01
7.133910000000000196e+01
7.131740000000000634e+01
7.142440000000000566e+01
7.140560000000000684e+01
7.130500000000000682e+01
7.136299999999999955e+01
7.140219999999999345e+01
7.127320000000000277e+01
7.129619999999999891e+01
7.136029999999999518e+01
7.122849999999999682e+01
7.128940000000000055e+01
7.127729999999999677e+01
7.120889999999999986e+01
7.125449999999999307e+01
7.109720000000000084e+01
7.128830000000000666e+01
7.120459999999999923e+01
7.122969999999999402e+01
7.128239999999999554e+01
7.118089999999999407e+01
7.120310000000000628e+01
7.126890000000000214e+01
7.112810000000000343e+01
7.114860000000000184e+01
7.136239999999999384e+01
7.120340000000000202e+01
7.122270000000000323e+01
7.120329999999999870e+01
7.125249999999999773e+01
7.116310000000000002e+01
7.104879999999999995e+01
7.129789999999999850e+01
7.112000000000000455e+01
7.117029999999999745e+01
7.103870000000000573e+01
7.097029999999999461e+01
7.093970000000000198e+01
7.110769999999999413e+01
7.119610000000000127e+01
7.104130000000000678e+01
7.096040000000000703e+01
7.129559999999999320e+01
7.107890000000000441e+01
7.102599999999999625e+01
7.112539999999999907e+01
7.123959999999999582e+01
7.109170000000000300e+01
7.127370000000000516e+01
7.123199999999999932e+01
7.094679999999999609e+01
7.105410000000000537e+01
7.103619999999999379e+01
7.106319999999999482e+01
7.107959999999999923e+01
7.108960000000000434e+01
7.121959999999999980e+01
7.106019999999999470e+01
7.099769999999999470e+01
7.107489999999999952e+01
7.097530000000000427e+01
7.107470000000000709e+01
7.105549999999999500e+01
7.119950000000000045e+01
7.104789999999999850e+01
7.095720000000000027e+01
7.113179999999999836e+01
7.109600000000000364e+01
7.102479999999999905e+01
7.109010000000000673e+01
7.108710000000000662e+01
7.101900000000000546e+01
7.111660000000000537e+01
7.105249999999999488e+01
7.092759999999999820e+01
7.123470000000000368e+01
7.103919999999999391e+01
7.090789999999999793e+01
7.110809999999999320e+01
7.102899999999999636e+01
7.115330000000000155e+01
7.083089999999999975e+01
7.082850000000000534e+01
7.055599999999999739e+01
7.057750000000000057e+01
7.071160000000000423e+01
7.062430000000000518e+01
7.060049999999999670e+01
7.070680000000000121e+01
7.074840000000000373e+01
7.058589999999999520e+01
7.055049999999999955e+01
7.053029999999999688e+01
7.068110000000000070e+01
7.080949999999999989e+01
7.060989999999999611e+01
7.075570000000000448e+01
7.062510000000000332e+01
7.050230000000000530e+01
7.068580000000000041e+01
7.059269999999999357e+01
7.045430000000000348e+01
7.039379999999999882e+01
7.042300000000000182e+01
7.071840000000000259e+01
7.059090000000000487e+01
7.056270000000000664e+01
7.045650000000000546e+01
7.059350000000000591e+01
7.042050000000000409e+01
7.058679999999999666e+01
7.044150000000000489e+01
7.051049999999999329e+01
7.056730000000000302e+01
7.056690000000000396e+01
7.062009999999999366e+01
7.075279999999999347e+01
7.049590000000000600e+01
7.056350000000000477e+01
7.056239999999999668e+01
7.044530000000000314e+01
7.034969999999999857e+01
7.049309999999999832e+01
7.072119999999999607e+01
7.053489999999999327e+01
7.055299999999999727e+01
7.060609999999999786e+01
7.056130000000000280e+01
7.063880000000000337e+01
7.050520000000000209e+01
7.058180000000000121e+01
7.069299999999999784e+01
7.067319999999999425e+01
7.035779999999999745e+01
7.055710000000000548e+01
7.070650000000000546e+01
7.056480000000000530e+01
7.057489999999999952e+01
7.067849999999999966e+01
7.067119999999999891e+01
7.054930000000000234e+01
7.054529999999999745e+01
7.057500000000000284e+01
7.044889999999999475e+01
7.053910000000000480e+01
7.058849999999999625e+01
7.061650000000000205e+01
7.053369999999999607e+01
7.054510000000000502e+01
7.057670000000000243e+01
7.047979999999999734e+01
7.040139999999999532e+01
7.063389999999999702e+01
7.038729999999999620e+01
7.051529999999999632e+01
7.059839999999999804e+01
7.066649999999999920e+01
7.060519999999999641e+01
7.061939999999999884e+01
7.051640000000000441e+01
7.059709999999999752e+01
7.067770000000000152e+01
7.060399999999999920e+01
7.040040000000000475e+01
7.042369999999999663e+01
7.061090000000000089e+01
7.045010000000000616e+01
7.056810000000000116e+01
7.033280000000000598e+01
7.058310000000000173e+01
7.062369999999999948e+01
7.053079999999999927e+01
7.052649999999999864e+01
7.055929999999999325e+01
7.041230000000000189e+01
7.050249999999999773e+01
7.050950000000000273e+01
7.058159999999999457e+01
7.035980000000000700e+01
7.063620000000000232e+01
7.060060000000000002e+01
7.061929999999999552e+01
7.047520000000000095e+01
7.069429999999999836e+01
7.051879999999999882e+01
7.050190000000000623e+01
7.044159999999999400e+01
7.063309999999999889e+01
7.053419999999999845e+01
7.053530000000000655e+01
7.049399999999999977e+01
7.064780000000000371e+01
7.060710000000000264e+01
7.062669999999999959e+01
7.043779999999999575e+01
7.038649999999999807e+01
7.051779999999999404e+01
7.052960000000000207e+01
7.055610000000000070e+01
7.046450000000000102e+01
7.057930000000000348e+01
7.047199999999999420e+01
7.067180000000000462e+01
7.029859999999999332e+01
7.057580000000000098e+01
7.048199999999999932e+01
7.046970000000000312e+01
7.031040000000000134e+01
7.049030000000000484e+01
7.048480000000000700e+01
7.059159999999999968e+01
7.050270000000000437e+01
7.045380000000000109e+01
7.030480000000000018e+01
7.047870000000000346e+01
7.044400000000000261e+01
7.032899999999999352e+01
7.024309999999999832e+01
7.051789999999999736e+01
7.054550000000000409e+01
7.044360000000000355e+01
7.047580000000000666e+01
7.052049999999999841e+01
7.066379999999999484e+01
7.043919999999999959e+01
7.044620000000000459e+01
7.038389999999999702e+01
7.048340000000000316e+01
7.040479999999999450e+01
7.042249999999999943e+01
7.028579999999999472e+01
7.048409999999999798e+01
7.039039999999999964e+01
7.055670000000000641e+01
7.045929999999999893e+01
7.055070000000000618e+01
7.043859999999999388e+01
7.044070000000000675e+01
7.055979999999999563e+01
7.031029999999999802e+01
7.029890000000000327e+01
7.033820000000000050e+01
7.054859999999999332e+01
7.048420000000000130e+01
7.042680000000000007e+01
7.047299999999999898e+01
7.034369999999999834e+01
7.050230000000000530e+01
7.045329999999999870e+01
7.038710000000000377e+01
7.031560000000000343e+01
7.045489999999999498e+01
7.043720000000000425e+01
7.044389999999999930e+01
7.045550000000000068e+01
7.033870000000000289e+01
7.033469999999999800e+01
7.039199999999999591e+01
7.022549999999999670e+01
7.025790000000000646e+01
7.042019999999999413e+01
7.047599999999999909e+01
7.031600000000000250e+01
7.042449999999999477e+01
7.051160000000000139e+01
7.041200000000000614e+01
7.043689999999999429e+01
7.036499999999999488e+01
7.038230000000000075e+01
7.039379999999999882e+01
7.048680000000000234e+01
7.042980000000000018e+01
7.021460000000000434e+01
7.025220000000000198e+01
7.033369999999999322e+01
7.026709999999999923e+01
7.044100000000000250e+01
7.041610000000000014e+01
7.026919999999999789e+01
7.038739999999999952e+01
7.050860000000000127e+01
7.044410000000000593e+01
7.045279999999999632e+01
7.038989999999999725e+01
7.033379999999999654e+01
7.039140000000000441e+01
7.053279999999999461e+01
7.040510000000000446e+01
7.036140000000000327e+01
7.043699999999999761e+01
7.038970000000000482e+01
7.053499999999999659e+01
7.038060000000000116e+01
7.054200000000000159e+01
7.032829999999999870e+01
7.039820000000000277e+01
7.038320000000000221e+01
7.032869999999999777e+01
7.035389999999999588e+01
7.053530000000000655e+01
7.043980000000000530e+01
7.039950000000000330e+01
7.033799999999999386e+01
7.043750000000000000e+01
7.035460000000000491e+01
7.053209999999999980e+01
7.034850000000000136e+01
7.039369999999999550e+01
7.032099999999999795e+01
7.031239999999999668e+01
7.044769999999999754e+01
7.032120000000000459e+01
7.042170000000000130e+01
7.032800000000000296e+01
7.033750000000000568e+01
7.023380000000000223e+01
7.043919999999999959e+01
7.061879999999999313e+01
7.043519999999999470e+01
7.048690000000000566e+01
7.033350000000000080e+01
7.029540000000000077e+01
7.031470000000000198e+01
7.036669999999999447e+01
7.037340000000000373e+01
7.058199999999999363e+01
7.044689999999999941e+01
7.041490000000000293e+01
7.035250000000000625e+01
7.047979999999999734e+01
7.043949999999999534e+01
7.038309999999999889e+01
7.043089999999999407e+01
7.053480000000000416e+01
7.042459999999999809e+01
7.057500000000000284e+01
7.040659999999999741e+01
7.040170000000000528e+01
7.037439999999999429e+01
7.035739999999999839e+01
7.033859999999999957e+01
7.024420000000000641e+01
7.049739999999999895e+01
7.031669999999999732e+01
7.029789999999999850e+01
7.037359999999999616e+01
7.053629999999999711e+01
7.030710000000000548e+01
7.032670000000000243e+01
7.039159999999999684e+01
7.043139999999999645e+01
7.050329999999999586e+01
7.030509999999999593e+01
7.055870000000000175e+01
7.035060000000000002e+01
7.046299999999999386e+01
7.031359999999999388e+01
7.044979999999999620e+01
7.061419999999999675e+01
7.034640000000000271e+01
7.031669999999999732e+01
7.029269999999999641e+01
7.038559999999999661e+01
7.024139999999999873e+01
7.061820000000000164e+01
7.019780000000000086e+01
7.030649999999999977e+01
7.053029999999999688e+01
7.026220000000000709e+01
7.041479999999999961e+01
7.045789999999999509e+01
7.044190000000000396e+01
7.054210000000000491e+01
7.051770000000000493e+01
7.040699999999999648e+01
7.029590000000000316e+01
7.050149999999999295e+01
7.035859999999999559e+01
7.019499999999999318e+01
7.033329999999999416e+01
7.018500000000000227e+01
7.043980000000000530e+01
7.046790000000000020e+01
7.031210000000000093e+01
7.022350000000000136e+01
7.031659999999999400e+01
7.035599999999999454e+01
7.028600000000000136e+01
7.033169999999999789e+01
7.038280000000000314e+01
7.023799999999999955e+01
7.042199999999999704e+01
7.040030000000000143e+01
7.035479999999999734e+01
7.043290000000000362e+01
7.059459999999999980e+01
7.027110000000000412e+01
7.035930000000000462e+01
7.048040000000000305e+01
7.047599999999999909e+01
7.028849999999999909e+01
7.056119999999999948e+01
7.030979999999999563e+01
7.033440000000000225e+01
7.044119999999999493e+01
7.034459999999999980e+01
7.042100000000000648e+01
7.039039999999999964e+01
7.039560000000000173e+01
7.024110000000000298e+01
7.054850000000000421e+01
7.043429999999999325e+01
7.043680000000000518e+01
7.041370000000000573e+01
7.049030000000000484e+01
7.028740000000000521e+01
7.030679999999999552e+01
7.037260000000000559e+01
7.044190000000000396e+01
7.033369999999999322e+01
7.030870000000000175e+01
7.046290000000000475e+01
7.049060000000000059e+01
7.044629999999999370e+01
7.038179999999999836e+01
7.028409999999999513e+01
7.042310000000000514e+01
7.049500000000000455e+01
7.042839999999999634e+01
7.034640000000000271e+01
7.033639999999999759e+01
7.039560000000000173e+01
7.045640000000000214e+01
7.025960000000000605e+01
7.038960000000000150e+01
7.028430000000000177e+01
7.037680000000000291e+01
7.043569999999999709e+01
7.050310000000000343e+01
7.020090000000000430e+01
7.035960000000000036e+01
7.037139999999999418e+01
7.033889999999999532e+01
7.041060000000000230e+01
7.036620000000000630e+01
7.036469999999999914e+01
7.028879999999999484e+01
7.036339999999999861e+01
7.041079999999999472e+01
7.047159999999999513e+01
7.019459999999999411e+01
7.025799999999999557e+01
7.025300000000000011e+01
7.030769999999999698e+01
7.028170000000000073e+01
7.020780000000000598e+01
7.022830000000000439e+01
7.040860000000000696e+01
7.035529999999999973e+01
7.015460000000000207e+01
7.042369999999999663e+01
7.019089999999999918e+01
7.033089999999999975e+01
7.040890000000000271e+01
7.024399999999999977e+01
7.021210000000000662e+01
7.033480000000000132e+01
7.038609999999999900e+01
7.024800000000000466e+01
7.016559999999999775e+01
7.017579999999999529e+01
7.041249999999999432e+01
7.026869999999999550e+01
7.032710000000000150e+01
7.036039999999999850e+01
7.030389999999999873e+01
7.027930000000000632e+01
7.023350000000000648e+01
7.028560000000000230e+01
7.046429999999999438e+01
7.018590000000000373e+01
7.035060000000000002e+01
7.033429999999999893e+01
7.029449999999999932e+01
7.031889999999999930e+01
7.046500000000000341e+01
7.041339999999999577e+01
7.021750000000000114e+01
7.027179999999999893e+01
7.045229999999999393e+01
7.022429999999999950e+01
7.047379999999999711e+01
7.028940000000000055e+01
7.028499999999999659e+01
7.028000000000000114e+01
7.029420000000000357e+01
7.036379999999999768e+01
7.033129999999999882e+01
7.030159999999999343e+01
7.029300000000000637e+01
7.030100000000000193e+01
7.022140000000000271e+01
7.035699999999999932e+01
7.028870000000000573e+01
7.028409999999999513e+01
7.030830000000000268e+01
7.014799999999999613e+01
7.022990000000000066e+01
7.017759999999999820e+01
7.019289999999999452e+01
7.025610000000000355e+01
7.026760000000000161e+01
7.016859999999999786e+01
7.020520000000000493e+01
7.025310000000000343e+01
7.026760000000000161e+01
7.034099999999999397e+01
7.022939999999999827e+01
7.046420000000000528e+01
7.046540000000000248e+01
7.036209999999999809e+01
7.024200000000000443e+01
7.027290000000000703e+01
7.020969999999999800e+01
7.020690000000000452e+01
7.020260000000000389e+01
7.019129999999999825e+01
7.026730000000000587e+01
7.028249999999999886e+01
7.035259999999999536e+01
7.028249999999999886e+01
7.031340000000000146e+01
7.035070000000000334e+01
7.022419999999999618e+01
7.014610000000000412e+01
7.022650000000000148e+01
7.019899999999999807e+01
7.041240000000000521e+01
7.033469999999999800e+01
7.015730000000000643e+01
7.038620000000000232e+01
7.031520000000000437e+01
7.013729999999999620e+01
7.026120000000000232e+01
7.015659999999999741e+01
7.016580000000000439e+01
7.007789999999999964e+01
7.025990000000000180e+01
7.023959999999999582e+01
7.022830000000000439e+01
7.020369999999999777e+01
7.029949999999999477e+01
7.026980000000000359e+01
7.044679999999999609e+01
7.024179999999999779e+01
7.016339999999999577e+01
7.026040000000000418e+01
7.018019999999999925e+01
7.043250000000000455e+01
7.030440000000000111e+01
7.013089999999999691e+01
7.023950000000000671e+01
7.027079999999999416e+01
7.024280000000000257e+01
7.020010000000000616e+01
7.035720000000000596e+01
7.028289999999999793e+01
7.025769999999999982e+01
7.020910000000000650e+01
7.040720000000000312e+01
7.017050000000000409e+01
7.036910000000000309e+01
7.014140000000000441e+01
7.026680000000000348e+01
7.028109999999999502e+01
7.027320000000000277e+01
7.015430000000000632e+01
7.009709999999999752e+01
7.024890000000000612e+01
7.021869999999999834e+01
7.034350000000000591e+01
7.024209999999999354e+01
7.025939999999999941e+01
7.023999999999999488e+01
7.041649999999999920e+01
7.022110000000000696e+01
7.016270000000000095e+01
7.021909999999999741e+01
7.024460000000000548e+01
7.030899999999999750e+01
7.024420000000000641e+01
7.010670000000000357e+01
7.049930000000000518e+01
7.038139999999999930e+01
7.041920000000000357e+01
7.010169999999999391e+01
7.046219999999999573e+01
7.005129999999999768e+01
7.044150000000000489e+01
7.016809999999999548e+01
7.027320000000000277e+01
7.012810000000000343e+01
7.038720000000000709e+01
7.027460000000000662e+01
6.987900000000000489e+01
7.019190000000000396e+01
6.999970000000000425e+01
7.016570000000000107e+01
7.018399999999999750e+01
7.006950000000000500e+01
7.017340000000000089e+01
7.015999999999999659e+01
6.999070000000000391e+01
7.026449999999999818e+01
7.015120000000000289e+01
7.023399999999999466e+01
7.027760000000000673e+01
7.039339999999999975e+01
7.016079999999999472e+01
7.045440000000000680e+01
6.997660000000000480e+01
7.020229999999999393e+01
7.021880000000000166e+01
7.029919999999999902e+01
7.014629999999999654e+01
7.024670000000000414e+01
7.031109999999999616e+01
7.023359999999999559e+01
7.035809999999999320e+01
7.015070000000000050e+01
7.027089999999999748e+01
7.017950000000000443e+01
7.020659999999999457e+01
7.030219999999999914e+01
7.006570000000000675e+01
7.026049999999999329e+01
7.024739999999999895e+01
7.013209999999999411e+01
7.019710000000000605e+01
7.030620000000000402e+01
7.007189999999999941e+01
7.016679999999999495e+01
7.016379999999999484e+01
7.025870000000000459e+01
7.024139999999999873e+01
7.032859999999999445e+01
7.018810000000000571e+01
7.023619999999999663e+01
7.021859999999999502e+01
7.035229999999999961e+01
7.019490000000000407e+01
7.026959999999999695e+01
7.026819999999999311e+01
7.009759999999999991e+01
7.034220000000000539e+01
7.016280000000000427e+01
7.030299999999999727e+01
7.024230000000000018e+01
7.016100000000000136e+01
7.022360000000000468e+01
7.032340000000000657e+01
7.024139999999999873e+01
7.013280000000000314e+01
7.017199999999999704e+01
7.018139999999999645e+01
7.025369999999999493e+01
7.017140000000000555e+01
7.026739999999999498e+01
7.013840000000000430e+01
7.010779999999999745e+01
7.028239999999999554e+01
7.026550000000000296e+01
7.015439999999999543e+01
7.017029999999999745e+01
7.016960000000000264e+01
7.032439999999999714e+01
7.003000000000000114e+01
7.025769999999999982e+01
7.023229999999999507e+01
7.019799999999999329e+01
7.027540000000000475e+01
7.012170000000000414e+01
7.011969999999999459e+01
7.026290000000000191e+01
7.014090000000000202e+01
7.018160000000000309e+01
7.020799999999999841e+01
7.015720000000000312e+01
7.009239999999999782e+01
7.029890000000000327e+01
7.032940000000000680e+01
7.028329999999999700e+01
7.013160000000000593e+01
7.020289999999999964e+01
7.006719999999999970e+01
7.010110000000000241e+01
7.018420000000000414e+01
7.020000000000000284e+01
7.021210000000000662e+01
7.016110000000000468e+01
7.014969999999999573e+01
7.022249999999999659e+01
7.011050000000000182e+01
7.014159999999999684e+01
7.027549999999999386e+01
7.030830000000000268e+01
7.020420000000000016e+01
7.027530000000000143e+01
7.028489999999999327e+01
7.015579999999999927e+01
6.997450000000000614e+01
7.020350000000000534e+01
7.022190000000000509e+01
7.010490000000000066e+01
7.008820000000000050e+01
7.004240000000000066e+01
7.004420000000000357e+01
7.020820000000000505e+01
7.023900000000000432e+01
7.015529999999999688e+01
7.009380000000000166e+01
7.034489999999999554e+01
7.004399999999999693e+01
7.025539999999999452e+01
7.014870000000000516e+01
7.008480000000000132e+01
7.007399999999999807e+01
7.018089999999999407e+01
7.023029999999999973e+01
7.006629999999999825e+01
7.013259999999999650e+01
7.033069999999999311e+01
7.016079999999999472e+01
7.009669999999999845e+01
7.018200000000000216e+01
7.023980000000000246e+01
7.000140000000000384e+01
7.017310000000000514e+01
7.005060000000000286e+01
7.011539999999999395e+01
7.011339999999999861e+01
7.027169999999999561e+01
7.015409999999999968e+01
7.029160000000000252e+01
7.001309999999999434e+01
7.020940000000000225e+01
7.015959999999999752e+01
7.022069999999999368e+01
7.011150000000000659e+01
7.016549999999999443e+01
7.013979999999999393e+01
7.022320000000000562e+01
7.033249999999999602e+01
7.009619999999999607e+01
7.029640000000000555e+01
7.003130000000000166e+01
7.020239999999999725e+01
7.011960000000000548e+01
7.028619999999999379e+01
7.021689999999999543e+01
7.023399999999999466e+01
7.003119999999999834e+01
7.008559999999999945e+01
7.009269999999999357e+01
7.000929999999999609e+01
7.004160000000000252e+01
7.001170000000000471e+01
7.019310000000000116e+01
6.999429999999999552e+01
7.011769999999999925e+01
7.008220000000000027e+01
7.033259999999999934e+01
7.019450000000000500e+01
7.018269999999999698e+01
7.007710000000000150e+01
7.006119999999999948e+01
7.012309999999999377e+01
7.011990000000000123e+01
7.019499999999999318e+01
7.010599999999999454e+01
7.007850000000000534e+01
7.011459999999999582e+01
7.024179999999999779e+01
7.005360000000000298e+01
7.016670000000000584e+01
7.002370000000000516e+01
7.003889999999999816e+01
7.004179999999999495e+01
7.014849999999999852e+01
7.014490000000000691e+01
7.014209999999999923e+01
7.011339999999999861e+01
7.005079999999999529e+01
7.014600000000000080e+01
7.009610000000000696e+01
7.009029999999999916e+01
7.019809999999999661e+01
7.016549999999999443e+01
7.022259999999999991e+01
7.004649999999999466e+01
7.021580000000000155e+01
7.006140000000000612e+01
6.997280000000000655e+01
7.000199999999999534e+01
7.005249999999999488e+01
7.004689999999999372e+01
7.018309999999999604e+01
7.011209999999999809e+01
7.034650000000000603e+01
7.012229999999999563e+01
7.025039999999999907e+01
7.006409999999999627e+01
7.018240000000000123e+01
7.002530000000000143e+01
7.022860000000000014e+01
7.024280000000000257e+01
7.015000000000000568e+01
7.018229999999999791e+01
7.006189999999999429e+01
7.012279999999999802e+01
7.011910000000000309e+01
7.007529999999999859e+01
7.012069999999999936e+01
7.020199999999999818e+01
7.011289999999999623e+01
7.006680000000000064e+01
7.031100000000000705e+01
7.007909999999999684e+01
7.013739999999999952e+01
7.009170000000000300e+01
7.014610000000000412e+01
7.013230000000000075e+01
7.002230000000000132e+01
6.995749999999999602e+01
7.016490000000000293e+01
7.004940000000000566e+01
7.006069999999999709e+01
7.011879999999999313e+01
7.014639999999999986e+01
6.998560000000000514e+01
7.016740000000000066e+01
7.013729999999999620e+01
7.018880000000000052e+01
7.005689999999999884e+01
7.000740000000000407e+01
7.008490000000000464e+01
7.016599999999999682e+01
7.004460000000000264e+01
6.992879999999999541e+01
7.010720000000000596e+01
7.004609999999999559e+01
6.995409999999999684e+01
7.003870000000000573e+01
7.013259999999999650e+01
7.001170000000000471e+01
6.998040000000000305e+01
7.007920000000000016e+01
6.999530000000000030e+01
7.000879999999999370e+01
7.022010000000000218e+01
7.021930000000000405e+01
7.019459999999999411e+01
7.008339999999999748e+01
7.020629999999999882e+01
6.999639999999999418e+01
7.018269999999999698e+01
7.013779999999999859e+01
7.025939999999999941e+01
7.006300000000000239e+01
6.999599999999999511e+01
7.002979999999999450e+01
7.013679999999999382e+01
7.013039999999999452e+01
6.997469999999999857e+01
7.015070000000000050e+01
7.007370000000000232e+01
7.009229999999999450e+01
7.005150000000000432e+01
7.004770000000000607e+01
7.017799999999999727e+01
7.013840000000000430e+01
7.007519999999999527e+01
6.993729999999999336e+01
6.984730000000000416e+01
7.002160000000000650e+01
6.993189999999999884e+01
7.000000000000000000e+01
7.016910000000000025e+01
7.009789999999999566e+01
7.015579999999999927e+01
7.012520000000000664e+01
7.002009999999999934e+01
7.011520000000000152e+01
7.016419999999999391e+01
7.003759999999999764e+01
7.013830000000000098e+01
7.017759999999999820e+01
7.017570000000000618e+01
7.009690000000000509e+01
7.011939999999999884e+01
7.013620000000000232e+01
6.984159999999999968e+01
7.011920000000000641e+01
7.005899999999999750e+01
7.009789999999999566e+01
7.016949999999999932e+01
7.014749999999999375e+01
7.012479999999999336e+01
7.008859999999999957e+01
7.003530000000000655e+01
7.009829999999999472e+01
7.013089999999999691e+01
7.010809999999999320e+01
7.009430000000000405e+01
6.995010000000000616e+01
7.016710000000000491e+01
6.999869999999999948e+01
7.002500000000000568e+01
7.005440000000000111e+01
7.004590000000000316e+01
6.981969999999999743e+01
7.002540000000000475e+01
7.010460000000000491e+01
7.013150000000000261e+01
7.001359999999999673e+01
7.012959999999999638e+01
6.997669999999999391e+01
