1.612200000000000077e+00
2.172299999999999898e+00
2.514400000000000190e+00
2.695699999999999985e+00
2.829200000000000159e+00
2.849200000000000177e+00
3.026800000000000157e+00
3.204299999999999926e+00
3.322099999999999831e+00
3.226199999999999957e+00
3.283999999999999808e+00
3.402600000000000069e+00
3.327100000000000168e+00
3.412500000000000089e+00
3.568299999999999805e+00
3.611899999999999888e+00
3.665500000000000203e+00
3.754100000000000215e+00
3.480500000000000149e+00
3.511000000000000121e+00
3.567000000000000171e+00
3.762300000000000200e+00
3.579600000000000115e+00
3.817400000000000126e+00
3.801899999999999835e+00
3.791599999999999859e+00
3.879799999999999915e+00
3.836199999999999832e+00
3.872199999999999864e+00
3.998600000000000154e+00
3.964700000000000113e+00
3.865800000000000125e+00
4.042300000000000004e+00
3.942499999999999893e+00
3.947700000000000209e+00
4.088899999999999757e+00
4.028500000000000192e+00
4.057400000000000340e+00
4.168199999999999683e+00
4.172900000000000276e+00
3.985199999999999854e+00
4.150599999999999845e+00
4.110299999999999621e+00
4.042300000000000004e+00
4.140799999999999592e+00
4.053200000000000358e+00
4.272700000000000387e+00
4.395800000000000374e+00
4.212600000000000122e+00
4.259999999999999787e+00
4.430399999999999672e+00
4.434999999999999609e+00
4.244900000000000340e+00
4.498800000000000132e+00
4.592800000000000438e+00
4.375399999999999956e+00
4.242899999999999672e+00
4.450899999999999856e+00
4.355100000000000193e+00
4.624100000000000321e+00
4.446900000000000297e+00
4.657600000000000406e+00
4.441300000000000026e+00
4.420700000000000074e+00
4.681099999999999817e+00
4.512800000000000367e+00
4.419599999999999973e+00
4.610400000000000276e+00
4.596499999999999808e+00
4.611500000000000377e+00
4.535499999999999865e+00
4.779499999999999638e+00
4.747399999999999842e+00
4.756599999999999717e+00
4.692199999999999704e+00
5.010699999999999932e+00
4.756199999999999761e+00
4.690199999999999925e+00
4.806000000000000050e+00
4.782499999999999751e+00
4.769400000000000084e+00
4.943699999999999761e+00
5.149899999999999700e+00
4.982099999999999973e+00
4.812000000000000277e+00
4.769300000000000317e+00
4.858799999999999564e+00
4.967500000000000249e+00
5.175200000000000244e+00
5.125399999999999956e+00
4.957600000000000229e+00
5.113800000000000345e+00
5.158599999999999852e+00
5.099000000000000199e+00
5.193599999999999994e+00
5.283900000000000041e+00
5.136999999999999567e+00
5.094199999999999839e+00
5.412200000000000344e+00
5.369200000000000195e+00
5.260299999999999976e+00
5.325000000000000178e+00
5.444099999999999717e+00
5.133399999999999963e+00
5.420200000000000351e+00
5.396899999999999586e+00
5.339299999999999713e+00
5.493999999999999773e+00
5.527400000000000091e+00
5.488900000000000112e+00
5.551199999999999690e+00
5.524799999999999933e+00
5.408900000000000041e+00
5.459800000000000431e+00
5.527400000000000091e+00
5.448400000000000354e+00
5.532099999999999795e+00
5.554199999999999804e+00
5.619299999999999962e+00
5.637800000000000367e+00
5.637900000000000134e+00
5.599099999999999966e+00
5.559199999999999697e+00
5.602699999999999569e+00
5.528400000000000425e+00
5.751400000000000290e+00
5.827600000000000335e+00
5.813799999999999635e+00
5.662899999999999601e+00
5.718700000000000117e+00
5.854599999999999582e+00
5.673399999999999999e+00
5.907300000000000217e+00
5.726099999999999746e+00
5.913100000000000023e+00
5.901299999999999990e+00
5.736399999999999721e+00
5.719599999999999795e+00
5.853600000000000136e+00
6.001400000000000290e+00
5.982199999999999740e+00
5.906100000000000350e+00
5.910899999999999821e+00
5.908599999999999852e+00
5.985299999999999621e+00
6.126299999999999635e+00
5.942300000000000360e+00
6.037899999999999601e+00
6.013499999999999623e+00
6.150800000000000267e+00
6.079699999999999882e+00
6.138099999999999667e+00
6.179199999999999804e+00
6.248300000000000409e+00
6.208800000000000097e+00
6.135399999999999743e+00
6.107000000000000206e+00
6.260200000000000209e+00
6.219000000000000306e+00
6.277400000000000091e+00
6.421999999999999709e+00
6.237899999999999778e+00
6.230800000000000338e+00
6.188500000000000334e+00
6.278900000000000148e+00
6.317300000000000360e+00
6.350500000000000256e+00
6.416699999999999626e+00
6.409699999999999953e+00
6.330599999999999561e+00
6.416900000000000048e+00
6.322499999999999787e+00
6.361399999999999721e+00
6.288499999999999979e+00
6.432900000000000063e+00
6.365999999999999659e+00
6.566499999999999559e+00
6.651299999999999990e+00
6.452399999999999913e+00
6.329699999999999882e+00
6.462500000000000355e+00
6.443699999999999761e+00
6.525900000000000034e+00
6.568500000000000227e+00
6.435800000000000409e+00
6.441099999999999604e+00
6.484899999999999665e+00
6.547799999999999621e+00
6.668499999999999872e+00
6.689499999999999780e+00
6.558799999999999741e+00
6.515900000000000247e+00
6.583899999999999864e+00
6.601600000000000357e+00
6.647899999999999920e+00
6.460200000000000387e+00
6.582600000000000229e+00
6.640600000000000058e+00
6.671000000000000263e+00
6.642199999999999882e+00
6.749799999999999578e+00
6.766000000000000014e+00
6.671400000000000219e+00
6.817800000000000082e+00
6.830300000000000260e+00
6.770599999999999952e+00
6.626500000000000057e+00
6.778599999999999959e+00
6.739399999999999835e+00
6.789200000000000124e+00
6.781100000000000350e+00
6.879299999999999748e+00
6.754599999999999937e+00
6.906799999999999606e+00
6.851899999999999658e+00
6.684300000000000352e+00
6.763499999999999623e+00
6.938399999999999679e+00
6.869399999999999729e+00
7.051199999999999690e+00
7.055399999999999672e+00
6.841800000000000104e+00
6.868199999999999861e+00
6.779700000000000060e+00
7.002600000000000158e+00
7.149000000000000021e+00
7.079500000000000348e+00
7.019099999999999895e+00
7.004999999999999893e+00
7.012199999999999989e+00
7.011199999999999655e+00
7.065400000000000347e+00
7.020800000000000374e+00
6.927500000000000213e+00
6.994399999999999729e+00
7.008099999999999774e+00
7.025199999999999889e+00
7.007600000000000051e+00
7.023600000000000065e+00
6.988599999999999923e+00
7.078000000000000291e+00
7.136700000000000266e+00
7.078100000000000058e+00
7.307800000000000296e+00
7.272599999999999731e+00
7.038999999999999702e+00
7.059199999999999697e+00
7.124200000000000088e+00
7.207200000000000273e+00
7.205000000000000071e+00
7.018900000000000361e+00
7.160400000000000098e+00
7.297600000000000087e+00
7.396300000000000097e+00
7.289799999999999613e+00
7.360400000000000276e+00
7.291100000000000136e+00
7.173499999999999766e+00
7.213499999999999801e+00
7.276399999999999757e+00
7.200400000000000134e+00
7.258899999999999686e+00
7.393299999999999983e+00
7.355199999999999960e+00
7.289100000000000357e+00
7.246699999999999697e+00
7.260799999999999699e+00
7.105100000000000193e+00
7.195500000000000007e+00
7.271300000000000097e+00
7.193100000000000271e+00
7.275999999999999801e+00
7.227299999999999613e+00
7.154700000000000060e+00
7.102199999999999847e+00
7.224000000000000199e+00
7.296800000000000175e+00
7.442899999999999849e+00
7.287700000000000067e+00
7.123099999999999987e+00
7.194600000000000328e+00
7.193599999999999994e+00
7.190800000000000303e+00
7.333400000000000141e+00
7.315599999999999881e+00
7.344000000000000306e+00
7.314199999999999591e+00
7.267500000000000071e+00
7.224000000000000199e+00
7.205799999999999983e+00
7.272100000000000009e+00
7.308500000000000441e+00
7.287099999999999689e+00
7.413400000000000212e+00
7.404499999999999638e+00
7.467900000000000205e+00
7.285899999999999821e+00
7.323800000000000310e+00
7.422399999999999665e+00
7.361600000000000144e+00
7.519199999999999662e+00
7.401099999999999568e+00
7.610100000000000087e+00
7.545399999999999885e+00
7.471700000000000230e+00
7.393500000000000405e+00
7.381199999999999761e+00
7.230100000000000193e+00
7.391799999999999926e+00
7.579799999999999649e+00
7.730400000000000382e+00
7.663800000000000168e+00
7.599700000000000344e+00
7.472500000000000142e+00
7.528999999999999915e+00
7.636099999999999888e+00
7.549100000000000144e+00
7.656500000000000306e+00
7.542300000000000004e+00
7.450199999999999712e+00
7.557999999999999829e+00
7.690199999999999925e+00
7.770900000000000141e+00
7.708300000000000374e+00
7.687500000000000000e+00
7.589599999999999902e+00
7.684099999999999930e+00
7.637400000000000411e+00
7.634299999999999642e+00
7.684000000000000163e+00
7.699499999999999567e+00
7.749200000000000088e+00
7.476700000000000124e+00
7.330599999999999561e+00
7.995199999999999640e+00
8.109700000000000131e+00
7.867499999999999716e+00
7.658699999999999619e+00
7.582399999999999807e+00
7.588300000000000267e+00
7.671800000000000175e+00
7.821900000000000297e+00
7.867600000000000371e+00
7.663199999999999790e+00
7.570199999999999818e+00
7.294800000000000395e+00
7.269599999999999618e+00
7.531699999999999839e+00
7.404799999999999827e+00
7.517299999999999649e+00
7.668999999999999595e+00
7.647300000000000431e+00
7.705199999999999605e+00
7.635200000000000209e+00
7.587200000000000166e+00
7.641899999999999693e+00
7.463400000000000034e+00
7.509000000000000341e+00
7.528999999999999915e+00
7.413700000000000401e+00
7.578700000000000436e+00
7.629400000000000404e+00
7.643399999999999750e+00
7.279799999999999827e+00
7.326800000000000423e+00
7.536999999999999922e+00
7.715399999999999814e+00
7.611100000000000421e+00
7.587399999999999700e+00
7.618199999999999861e+00
7.675799999999999734e+00
7.388300000000000090e+00
7.430500000000000327e+00
7.474400000000000155e+00
7.557500000000000107e+00
7.502600000000000158e+00
7.654799999999999827e+00
7.771300000000000097e+00
7.679299999999999571e+00
7.553399999999999892e+00
7.466400000000000148e+00
7.593300000000000161e+00
7.608399999999999608e+00
6.889599999999999724e+00
7.309199999999999697e+00
7.900199999999999889e+00
8.073399999999999466e+00
8.065200000000000813e+00
7.823400000000000354e+00
7.625000000000000000e+00
7.596400000000000041e+00
7.713899999999999757e+00
7.356499999999999595e+00
7.437400000000000233e+00
7.711100000000000065e+00
7.572700000000000209e+00
7.560900000000000176e+00
7.632399999999999629e+00
7.809300000000000352e+00
7.745599999999999596e+00
7.851300000000000168e+00
7.877100000000000435e+00
7.295600000000000307e+00
7.432299999999999685e+00
7.869699999999999918e+00
7.870700000000000252e+00
7.918300000000000338e+00
7.827499999999999680e+00
7.701100000000000279e+00
7.660700000000000287e+00
7.855400000000000382e+00
7.952600000000000335e+00
7.973499999999999588e+00
7.862199999999999633e+00
7.752799999999999692e+00
7.484799999999999898e+00
7.814799999999999969e+00
7.960600000000000342e+00
7.773600000000000065e+00
7.823599999999999888e+00
7.897400000000000198e+00
8.044000000000000483e+00
7.985000000000000320e+00
7.540700000000000180e+00
7.726700000000000124e+00
8.020699999999999719e+00
7.841000000000000192e+00
7.570000000000000284e+00
7.799199999999999910e+00
8.115700000000000358e+00
7.941499999999999559e+00
7.863299999999999734e+00
7.934000000000000163e+00
8.009999999999999787e+00
7.910700000000000287e+00
7.956599999999999895e+00
7.997200000000000308e+00
7.617799999999999905e+00
6.706000000000000405e+00
8.138999999999999346e+00
8.955799999999999983e+00
8.778600000000000847e+00
8.480100000000000193e+00
7.868699999999999584e+00
7.568599999999999994e+00
7.620499999999999829e+00
7.876500000000000057e+00
7.800500000000000433e+00
7.637500000000000178e+00
7.754800000000000360e+00
7.807400000000000340e+00
7.678799999999999848e+00
7.470600000000000129e+00
7.472400000000000375e+00
7.865800000000000125e+00
7.974800000000000111e+00
7.850699999999999790e+00
7.828000000000000291e+00
7.754199999999999982e+00
7.800099999999999589e+00
7.784699999999999953e+00
7.779600000000000293e+00
7.457300000000000040e+00
7.484700000000000131e+00
7.664200000000000124e+00
7.798199999999999577e+00
7.936300000000000132e+00
7.979400000000000048e+00
7.786100000000000243e+00
7.698900000000000077e+00
7.723600000000000243e+00
7.370400000000000063e+00
7.732400000000000162e+00
7.639999999999999680e+00
7.567499999999999893e+00
7.784500000000000419e+00
7.551300000000000345e+00
7.623599999999999710e+00
7.892400000000000304e+00
8.048299999999999343e+00
8.079499999999999460e+00
7.862300000000000288e+00
7.823500000000000121e+00
6.806099999999999817e+00
7.396600000000000286e+00
8.034299999999999997e+00
8.240299999999999514e+00
8.150999999999999801e+00
7.922600000000000087e+00
7.879900000000000126e+00
7.717600000000000016e+00
7.731600000000000250e+00
7.781500000000000306e+00
7.754699999999999704e+00
7.891300000000000203e+00
7.679700000000000415e+00
7.854199999999999626e+00
7.961899999999999977e+00
7.964900000000000091e+00
8.100400000000000489e+00
8.062200000000000699e+00
8.100600000000000023e+00
7.742899999999999672e+00
8.236499999999999488e+00
8.343400000000000816e+00
8.272600000000000620e+00
8.124299999999999855e+00
7.934800000000000075e+00
8.063100000000000378e+00
7.849000000000000199e+00
8.099700000000000344e+00
8.365899999999999892e+00
8.291100000000000136e+00
8.073900000000000077e+00
8.040300000000000225e+00
8.139900000000000801e+00
8.210100000000000620e+00
8.129400000000000404e+00
7.971700000000000230e+00
7.941799999999999748e+00
8.007799999999999585e+00
8.063900000000000290e+00
7.906200000000000117e+00
8.022000000000000242e+00
8.077899999999999636e+00
8.083600000000000563e+00
7.937999999999999723e+00
8.060600000000000875e+00
8.167699999999999960e+00
8.220399999999999707e+00
7.974000000000000199e+00
7.852699999999999569e+00
7.871599999999999930e+00
8.096199999999999619e+00
8.090700000000000003e+00
8.138799999999999812e+00
8.078300000000000480e+00
7.694399999999999906e+00
7.693299999999999805e+00
7.834100000000000286e+00
7.884699999999999598e+00
8.013299999999999201e+00
7.799800000000000288e+00
7.998700000000000365e+00
7.810900000000000176e+00
7.770500000000000185e+00
7.997499999999999609e+00
7.905999999999999694e+00
7.683300000000000018e+00
7.556499999999999773e+00
7.765600000000000058e+00
8.007699999999999818e+00
7.802900000000000169e+00
8.143700000000000827e+00
7.532199999999999562e+00
6.676899999999999835e+00
7.634299999999999642e+00
8.331099999999999284e+00
8.626300000000000523e+00
8.198600000000000776e+00
8.185399999999999565e+00
7.638799999999999812e+00
7.661699999999999733e+00
7.973300000000000054e+00
8.069399999999999906e+00
8.249200000000000088e+00
7.939700000000000202e+00
7.859499999999999709e+00
7.041900000000000048e+00
7.687100000000000044e+00
7.995300000000000296e+00
8.230399999999999494e+00
8.354900000000000659e+00
8.168699999999999406e+00
8.116400000000000503e+00
7.808300000000000018e+00
7.862599999999999589e+00
8.127599999999999270e+00
8.250700000000000145e+00
8.335100000000000620e+00
7.305399999999999672e+00
6.898500000000000298e+00
7.399399999999999977e+00
7.804400000000000226e+00
7.733999999999999986e+00
8.202500000000000568e+00
8.134600000000000719e+00
8.625899999999999679e+00
7.831599999999999895e+00
7.938200000000000145e+00
7.265200000000000102e+00
7.528999999999999915e+00
7.978100000000000414e+00
7.099899999999999878e+00
7.594500000000000028e+00
7.863199999999999967e+00
7.878599999999999604e+00
7.787200000000000344e+00
6.468300000000000161e+00
7.760399999999999743e+00
8.322100000000000719e+00
7.149399999999999977e+00
6.743500000000000050e+00
8.314999999999999503e+00
9.429199999999999804e+00
8.524699999999999278e+00
7.214599999999999902e+00
7.159500000000000419e+00
8.186899999999999622e+00
8.191800000000000637e+00
8.460900000000000531e+00
7.189000000000000057e+00
6.073199999999999932e+00
7.968899999999999650e+00
7.401399999999999757e+00
7.751500000000000057e+00
7.400299999999999656e+00
7.454900000000000304e+00
7.455400000000000027e+00
7.966700000000000337e+00
6.700999999999999623e+00
6.901099999999999568e+00
1.000270000000000081e+01
5.663199999999999790e+00
8.783099999999999241e+00
9.610300000000000509e+00
9.361900000000000333e+00
9.298899999999999721e+00
8.843400000000000816e+00
8.210000000000000853e+00
7.494799999999999685e+00
7.724499999999999922e+00
8.280200000000000671e+00
7.464400000000000368e+00
7.483999999999999986e+00
7.609899999999999665e+00
7.492799999999999905e+00
7.026799999999999713e+00
7.930699999999999861e+00
7.348600000000000243e+00
7.602899999999999991e+00
7.013200000000000323e+00
7.929800000000000182e+00
8.512100000000000222e+00
8.260799999999999699e+00
5.794800000000000395e+00
1.245969999999999978e+01
3.732400000000000162e+00
2.292129999999999868e+01
8.464700000000000557e+00
1.041709999999999958e+01
9.884199999999999875e+00
1.344909999999999961e+01
1.329010000000000069e+01
1.312010000000000076e+01
1.159479999999999933e+01
1.060190000000000055e+01
9.189399999999999125e+00
8.499000000000000554e+00
8.407799999999999940e+00
8.679500000000000881e+00
8.554800000000000182e+00
8.177400000000000446e+00
7.840300000000000047e+00
7.303399999999999892e+00
7.340200000000000280e+00
7.235299999999999621e+00
7.132299999999999862e+00
7.323299999999999699e+00
7.036699999999999733e+00
7.323400000000000354e+00
7.106499999999999595e+00
7.130899999999999572e+00
7.032600000000000406e+00
6.907000000000000028e+00
6.708199999999999719e+00
6.818800000000000416e+00
6.931099999999999817e+00
6.880700000000000038e+00
6.658500000000000085e+00
6.801099999999999923e+00
6.835099999999999731e+00
7.160499999999999865e+00
7.001800000000000246e+00
6.774700000000000166e+00
6.503899999999999793e+00
6.563500000000000334e+00
6.813799999999999635e+00
6.670399999999999885e+00
6.688299999999999912e+00
6.535099999999999909e+00
6.556700000000000195e+00
6.751299999999999635e+00
6.454600000000000115e+00
6.322899999999999743e+00
6.629999999999999893e+00
6.548000000000000043e+00
6.483600000000000030e+00
6.396899999999999586e+00
6.581100000000000172e+00
6.755600000000000271e+00
6.641200000000000436e+00
6.525000000000000355e+00
6.630399999999999849e+00
6.912399999999999878e+00
6.584800000000000431e+00
6.645699999999999719e+00
6.684999999999999609e+00
6.573400000000000354e+00
6.709100000000000286e+00
6.605900000000000105e+00
6.633099999999999774e+00
6.519599999999999618e+00
6.658199999999999896e+00
6.699799999999999756e+00
6.625499999999999723e+00
6.721400000000000041e+00
6.851099999999999746e+00
6.125899999999999679e+00
6.365800000000000125e+00
6.723900000000000432e+00
6.704100000000000392e+00
6.477299999999999613e+00
6.444300000000000139e+00
6.458700000000000330e+00
6.658299999999999663e+00
6.838700000000000223e+00
6.267000000000000348e+00
6.369900000000000340e+00
6.737700000000000244e+00
6.930399999999999672e+00
6.593099999999999739e+00
6.240800000000000125e+00
6.450199999999999712e+00
6.381300000000000416e+00
6.631999999999999673e+00
6.843600000000000350e+00
6.345100000000000406e+00
6.266200000000000436e+00
6.569399999999999906e+00
6.817099999999999937e+00
6.680900000000000283e+00
6.450099999999999945e+00
6.668899999999999828e+00
6.482599999999999696e+00
6.398600000000000065e+00
6.302999999999999936e+00
6.149499999999999744e+00
6.136499999999999844e+00
6.405100000000000016e+00
6.846899999999999764e+00
6.915700000000000180e+00
6.732000000000000206e+00
6.433699999999999974e+00
6.545099999999999696e+00
6.555299999999999905e+00
6.522199999999999775e+00
6.630799999999999805e+00
6.533100000000000129e+00
6.265900000000000247e+00
6.597800000000000331e+00
6.608100000000000307e+00
6.457200000000000273e+00
6.495499999999999829e+00
6.759199999999999875e+00
6.925200000000000244e+00
6.530999999999999694e+00
6.140799999999999592e+00
6.887400000000000411e+00
6.972900000000000098e+00
6.303499999999999659e+00
6.072099999999999831e+00
6.485000000000000320e+00
6.861799999999999677e+00
6.557299999999999685e+00
6.403500000000000192e+00
6.843700000000000117e+00
6.495400000000000063e+00
6.231700000000000017e+00
6.765500000000000291e+00
6.733900000000000219e+00
6.574499999999999567e+00
6.334299999999999820e+00
5.930500000000000327e+00
6.565699999999999648e+00
6.344500000000000028e+00
6.608999999999999986e+00
6.930100000000000371e+00
6.999699999999999811e+00
6.195299999999999585e+00
6.335200000000000387e+00
7.559400000000000119e+00
7.153900000000000148e+00
6.261400000000000077e+00
6.960499999999999687e+00
7.003899999999999793e+00
5.828800000000000203e+00
7.695299999999999585e+00
7.309499999999999886e+00
6.692700000000000315e+00
6.432999999999999829e+00
6.652199999999999669e+00
7.613000000000000433e+00
7.634299999999999642e+00
6.322899999999999743e+00
6.844000000000000306e+00
6.553499999999999659e+00
6.948699999999999655e+00
6.919400000000000439e+00
6.878400000000000070e+00
7.269400000000000084e+00
6.784200000000000230e+00
6.418899999999999828e+00
7.417099999999999582e+00
6.215600000000000236e+00
7.505399999999999849e+00
7.783999999999999808e+00
7.320199999999999818e+00
6.610299999999999621e+00
7.870199999999999640e+00
7.657399999999999984e+00
6.025900000000000034e+00
8.344500000000000028e+00
7.817000000000000171e+00
6.123899999999999899e+00
8.008200000000000429e+00
6.320599999999999774e+00
8.327299999999999258e+00
8.410199999999999676e+00
7.352299999999999613e+00
6.835099999999999731e+00
7.631599999999999717e+00
7.588700000000000223e+00
7.132200000000000095e+00
7.522899999999999920e+00
6.842500000000000249e+00
7.371800000000000352e+00
7.289100000000000357e+00
7.192999999999999616e+00
6.964199999999999946e+00
6.871800000000000352e+00
7.305100000000000371e+00
7.246199999999999974e+00
6.933399999999999785e+00
6.704600000000000115e+00
6.981300000000000061e+00
6.866799999999999571e+00
6.802200000000000024e+00
6.948999999999999844e+00
7.424500000000000099e+00
7.285800000000000054e+00
6.851099999999999746e+00
7.173300000000000232e+00
7.195299999999999585e+00
7.312700000000000422e+00
6.365899999999999892e+00
7.091199999999999726e+00
7.338499999999999801e+00
6.713400000000000034e+00
7.178799999999999848e+00
7.390100000000000335e+00
7.101700000000000124e+00
6.938399999999999679e+00
6.891799999999999926e+00
7.268600000000000172e+00
6.782300000000000217e+00
7.466099999999999959e+00
6.517800000000000260e+00
6.849800000000000111e+00
7.402099999999999902e+00
7.329299999999999926e+00
6.963000000000000078e+00
7.155999999999999694e+00
7.447400000000000020e+00
6.865800000000000125e+00
6.685500000000000220e+00
7.195100000000000051e+00
7.069799999999999862e+00
6.663899999999999935e+00
8.440099999999999270e+00
8.467100000000000293e+00
7.205099999999999838e+00
6.687400000000000233e+00
7.158699999999999619e+00
7.883899999999999686e+00
7.904899999999999594e+00
7.421800000000000175e+00
6.977800000000000225e+00
6.909299999999999997e+00
6.948000000000000398e+00
7.250799999999999912e+00
6.315000000000000391e+00
8.711199999999999832e+00
8.915900000000000603e+00
6.637800000000000367e+00
7.165600000000000414e+00
7.818299999999999805e+00
8.007799999999999585e+00
7.790300000000000225e+00
6.949799999999999756e+00
7.051599999999999646e+00
7.282799999999999940e+00
7.491999999999999993e+00
7.108100000000000307e+00
7.625799999999999912e+00
7.694399999999999906e+00
7.388399999999999856e+00
7.169599999999999973e+00
7.460899999999999643e+00
7.461299999999999599e+00
7.475100000000000300e+00
7.450400000000000134e+00
7.265100000000000335e+00
6.839599999999999902e+00
7.688600000000000101e+00
7.362400000000000055e+00
7.275299999999999656e+00
7.478500000000000369e+00
7.607499999999999929e+00
7.642999999999999794e+00
7.793800000000000061e+00
7.422500000000000320e+00
7.725699999999999790e+00
7.662899999999999601e+00
7.418300000000000338e+00
7.655599999999999739e+00
7.649799999999999933e+00
7.385299999999999976e+00
7.279200000000000337e+00
7.690400000000000347e+00
7.649300000000000210e+00
7.365400000000000169e+00
7.346400000000000041e+00
7.757299999999999862e+00
8.013999999999999346e+00
7.732000000000000206e+00
7.769599999999999618e+00
7.485699999999999577e+00
7.319700000000000095e+00
7.698699999999999655e+00
7.842100000000000293e+00
7.758600000000000385e+00
7.541999999999999815e+00
7.687199999999999811e+00
7.195100000000000051e+00
7.507500000000000284e+00
7.783100000000000129e+00
8.050200000000000244e+00
7.774700000000000166e+00
7.620000000000000107e+00
7.557900000000000063e+00
7.483500000000000263e+00
7.541800000000000281e+00
7.748700000000000365e+00
7.609499999999999709e+00
7.638200000000000323e+00
7.677599999999999980e+00
7.633799999999999919e+00
7.508000000000000007e+00
7.663499999999999979e+00
7.624799999999999578e+00
7.763899999999999579e+00
8.036699999999999733e+00
7.699600000000000222e+00
7.627100000000000435e+00
7.798600000000000421e+00
7.764199999999999768e+00
7.664399999999999658e+00
7.636300000000000310e+00
7.786599999999999966e+00
7.792300000000000004e+00
7.490400000000000169e+00
7.677399999999999558e+00
7.711500000000000021e+00
7.600100000000000300e+00
8.096199999999999619e+00
8.132899999999999352e+00
7.834999999999999964e+00
7.686700000000000088e+00
7.762100000000000222e+00
7.814499999999999780e+00
7.519000000000000128e+00
7.623400000000000176e+00
8.021100000000000563e+00
7.865800000000000125e+00
7.699099999999999611e+00
7.452700000000000102e+00
7.180500000000000327e+00
7.995599999999999596e+00
8.467700000000000671e+00
8.047800000000000509e+00
7.665199999999999569e+00
6.853699999999999903e+00
7.966000000000000192e+00
8.334799999999999542e+00
8.132600000000000051e+00
7.700599999999999667e+00
7.391899999999999693e+00
7.582099999999999618e+00
7.857700000000000351e+00
7.646300000000000097e+00
7.581100000000000172e+00
7.277199999999999669e+00
7.720500000000000362e+00
8.015100000000000335e+00
7.496400000000000396e+00
7.436899999999999622e+00
7.864099999999999646e+00
8.234600000000000364e+00
6.821900000000000297e+00
8.009199999999999875e+00
8.200900000000000745e+00
8.212199999999999278e+00
7.910999999999999588e+00
7.724899999999999878e+00
7.615800000000000125e+00
7.773100000000000342e+00
7.677699999999999747e+00
7.483999999999999986e+00
7.782099999999999795e+00
7.921899999999999942e+00
7.371500000000000163e+00
7.145999999999999908e+00
7.611299999999999955e+00
7.926300000000000345e+00
7.809599999999999653e+00
7.629800000000000360e+00
7.921100000000000030e+00
7.885100000000000442e+00
7.741799999999999571e+00
7.793099999999999916e+00
7.874500000000000277e+00
7.882799999999999585e+00
7.609600000000000364e+00
7.819200000000000372e+00
7.779700000000000060e+00
7.684099999999999930e+00
7.636499999999999844e+00
7.854099999999999859e+00
8.241600000000000037e+00
7.894700000000000273e+00
7.833899999999999864e+00
6.793700000000000294e+00
8.607499999999999929e+00
9.161099999999999355e+00
8.580600000000000449e+00
7.796999999999999709e+00
7.605100000000000193e+00
8.182999999999999829e+00
8.334099999999999397e+00
8.141899999999999693e+00
8.130399999999999849e+00
7.920499999999999652e+00
8.157099999999999795e+00
8.017300000000000537e+00
8.125799999999999912e+00
8.003500000000000725e+00
7.846799999999999997e+00
8.202899999999999636e+00
7.913999999999999702e+00
7.769099999999999895e+00
8.477100000000000080e+00
8.700900000000000745e+00
8.384299999999999642e+00
7.964800000000000324e+00
8.333700000000000330e+00
7.993400000000000283e+00
7.532899999999999707e+00
8.121000000000000441e+00
8.327199999999999491e+00
8.380100000000000549e+00
8.298799999999999955e+00
8.210800000000000765e+00
8.182999999999999829e+00
7.793700000000000294e+00
7.663199999999999790e+00
8.093299999999999272e+00
8.064399999999999125e+00
7.363699999999999690e+00
7.269899999999999807e+00
8.056499999999999773e+00
8.594400000000000261e+00
8.449500000000000455e+00
8.388700000000000045e+00
7.950000000000000178e+00
7.915899999999999714e+00
8.121800000000000352e+00
8.040499999999999758e+00
8.259399999999999409e+00
7.967200000000000060e+00
7.514000000000000234e+00
7.486399999999999721e+00
7.869299999999999962e+00
8.125600000000000378e+00
8.227700000000000458e+00
8.174300000000000566e+00
8.037200000000000344e+00
7.688200000000000145e+00
7.602199999999999847e+00
8.120200000000000529e+00
8.216499999999999915e+00
8.393700000000000827e+00
8.174699999999999633e+00
8.264400000000000190e+00
7.658400000000000318e+00
8.031299999999999883e+00
8.405699999999999505e+00
8.371299999999999741e+00
8.173299999999999343e+00
8.039899999999999380e+00
8.135500000000000398e+00
7.742700000000000138e+00
7.802500000000000213e+00
8.066700000000000870e+00
8.117399999999999949e+00
7.342699999999999783e+00
8.071300000000000807e+00
8.601100000000000634e+00
8.658599999999999852e+00
8.401099999999999568e+00
8.266500000000000625e+00
8.069100000000000605e+00
8.100600000000000023e+00
8.203599999999999781e+00
8.317800000000000082e+00
8.205799999999999983e+00
8.115999999999999659e+00
8.277900000000000702e+00
8.330500000000000682e+00
7.791199999999999903e+00
8.056200000000000472e+00
8.115299999999999514e+00
8.457499999999999574e+00
8.588100000000000733e+00
8.601699999999999235e+00
8.415699999999999292e+00
8.412499999999999645e+00
8.499900000000000233e+00
8.369300000000000850e+00
8.438399999999999679e+00
8.666499999999999204e+00
8.737199999999999633e+00
8.445100000000000051e+00
8.522600000000000620e+00
8.206099999999999284e+00
8.476800000000000779e+00
8.827199999999999491e+00
8.879899999999999238e+00
8.426999999999999602e+00
8.678499999999999659e+00
9.096600000000000463e+00
9.029999999999999361e+00
8.475600000000000023e+00
8.782799999999999940e+00
9.082100000000000506e+00
8.705399999999999139e+00
8.529999999999999361e+00
8.781900000000000261e+00
8.829700000000000770e+00
8.927199999999999136e+00
8.671200000000000685e+00
8.613899999999999224e+00
8.808899999999999508e+00
8.670700000000000074e+00
8.540399999999999991e+00
8.277699999999999392e+00
8.254599999999999937e+00
8.031100000000000350e+00
8.266400000000000858e+00
8.444699999999999207e+00
8.372199999999999420e+00
7.904300000000000104e+00
8.210000000000000853e+00
8.307700000000000529e+00
8.253999999999999559e+00
8.523199999999999221e+00
8.365500000000000824e+00
7.832900000000000418e+00
8.375299999999999301e+00
6.820500000000000007e+00
9.096899999999999764e+00
9.638999999999999346e+00
8.826999999999999957e+00
8.084400000000000475e+00
7.701699999999999768e+00
8.682900000000000063e+00
8.007099999999999440e+00
8.282899999999999707e+00
8.404400000000000759e+00
7.647199999999999775e+00
8.013899999999999579e+00
8.743999999999999773e+00
8.172200000000000131e+00
8.108599999999999142e+00
7.507500000000000284e+00
8.629599999999999937e+00
8.019399999999999196e+00
7.205799999999999983e+00
8.594300000000000495e+00
8.242300000000000182e+00
8.394600000000000506e+00
8.543300000000000338e+00
7.471400000000000041e+00
8.205500000000000682e+00
8.260999999999999233e+00
7.412200000000000344e+00
9.135300000000000864e+00
9.499499999999999389e+00
7.595500000000000362e+00
8.186400000000000787e+00
8.326700000000000657e+00
8.351399999999999935e+00
6.998800000000000132e+00
9.220900000000000318e+00
9.671200000000000685e+00
9.053800000000000736e+00
6.966000000000000192e+00
9.287399999999999878e+00
9.017300000000000537e+00
7.500700000000000145e+00
7.779099999999999682e+00
8.724999999999999645e+00
9.145500000000000185e+00
8.835399999999999920e+00
3.182599999999999874e+00
3.702920000000000300e+01
2.579090000000000060e+01
1.781370000000000076e+01
1.401570000000000071e+01
1.049530000000000030e+01
9.605999999999999872e+00
9.012499999999999289e+00
9.962500000000000355e+00
1.103800000000000026e+01
1.151679999999999993e+01
1.136679999999999957e+01
1.034890000000000043e+01
1.050479999999999947e+01
1.079229999999999912e+01
1.097390000000000043e+01
1.076060000000000016e+01
1.061589999999999989e+01
1.147540000000000049e+01
1.083919999999999995e+01
9.603500000000000369e+00
8.960100000000000620e+00
1.340390000000000015e+01
1.361599999999999966e+01
1.160800000000000054e+01
8.983999999999999986e+00
