1.810400000000000009e+00
1.957000000000000073e+00
2.157000000000000028e+00
2.191600000000000215e+00
2.240000000000000213e+00
2.202599999999999891e+00
2.548900000000000166e+00
2.484900000000000109e+00
2.644899999999999807e+00
2.568700000000000205e+00
2.533599999999999852e+00
2.535000000000000142e+00
2.604400000000000048e+00
2.713400000000000034e+00
2.723199999999999843e+00
2.675800000000000178e+00
2.812600000000000211e+00
2.874899999999999789e+00
2.770500000000000185e+00
2.839300000000000157e+00
3.038100000000000023e+00
3.119499999999999940e+00
3.047899999999999832e+00
3.057599999999999874e+00
3.132699999999999818e+00
3.134700000000000042e+00
3.282799999999999940e+00
3.208200000000000163e+00
3.341200000000000170e+00
3.425199999999999800e+00
3.338099999999999845e+00
3.362800000000000011e+00
3.428300000000000125e+00
3.530499999999999972e+00
3.681299999999999795e+00
3.693599999999999994e+00
3.578500000000000014e+00
3.770799999999999930e+00
3.905699999999999950e+00
3.981799999999999784e+00
3.866699999999999804e+00
3.957399999999999807e+00
4.010399999999999743e+00
4.091199999999999726e+00
4.145400000000000418e+00
4.242600000000000371e+00
4.170600000000000307e+00
4.137999999999999901e+00
4.326399999999999579e+00
4.467900000000000205e+00
4.405199999999999783e+00
4.253800000000000026e+00
4.417799999999999727e+00
4.611399999999999721e+00
4.731900000000000439e+00
4.416500000000000092e+00
4.490800000000000125e+00
4.520500000000000185e+00
4.538599999999999746e+00
4.637999999999999901e+00
4.827700000000000102e+00
4.903299999999999770e+00
4.756000000000000227e+00
4.773299999999999876e+00
4.727999999999999758e+00
4.941799999999999748e+00
5.009500000000000064e+00
4.980599999999999916e+00
4.798499999999999766e+00
4.985699999999999577e+00
5.091999999999999638e+00
4.916500000000000092e+00
4.935200000000000031e+00
4.945500000000000007e+00
4.971599999999999575e+00
4.883700000000000152e+00
5.097299999999999720e+00
5.128400000000000070e+00
5.109399999999999942e+00
5.157799999999999940e+00
5.284799999999999720e+00
5.265500000000000291e+00
5.404300000000000104e+00
5.349800000000000111e+00
5.342999999999999972e+00
5.286699999999999733e+00
5.269499999999999851e+00
5.415799999999999947e+00
5.383300000000000196e+00
5.448100000000000165e+00
5.498999999999999666e+00
5.666999999999999815e+00
5.525000000000000355e+00
5.617499999999999716e+00
5.630499999999999616e+00
5.467100000000000293e+00
5.837299999999999933e+00
5.972400000000000375e+00
5.639000000000000234e+00
5.482199999999999740e+00
5.730599999999999916e+00
5.985299999999999621e+00
5.752600000000000158e+00
5.559400000000000119e+00
5.672799999999999621e+00
5.694799999999999862e+00
5.698500000000000121e+00
5.734200000000000408e+00
5.836500000000000021e+00
5.813799999999999635e+00
5.895999999999999908e+00
6.030100000000000016e+00
6.050799999999999734e+00
6.107400000000000162e+00
6.114799999999999791e+00
6.207900000000000418e+00
6.230500000000000149e+00
6.114600000000000257e+00
6.051000000000000156e+00
6.241299999999999848e+00
6.166199999999999903e+00
6.070999999999999730e+00
5.768900000000000361e+00
5.978200000000000180e+00
6.104700000000000237e+00
5.880200000000000315e+00
5.592299999999999827e+00
5.806499999999999773e+00
5.810900000000000176e+00
5.806499999999999773e+00
5.812400000000000233e+00
5.680699999999999861e+00
5.889100000000000001e+00
5.953199999999999825e+00
5.936200000000000365e+00
5.777700000000000280e+00
5.780100000000000016e+00
5.929000000000000270e+00
5.968700000000000117e+00
5.820000000000000284e+00
5.990300000000000402e+00
6.070899999999999963e+00
5.937400000000000233e+00
5.785599999999999632e+00
6.043300000000000338e+00
6.167099999999999582e+00
6.120899999999999785e+00
5.971199999999999619e+00
6.009800000000000253e+00
6.230500000000000149e+00
6.340499999999999581e+00
6.192099999999999937e+00
6.137199999999999989e+00
6.292399999999999771e+00
6.173000000000000043e+00
6.470600000000000129e+00
6.542099999999999582e+00
6.601300000000000168e+00
6.629299999999999748e+00
6.745800000000000018e+00
7.011899999999999800e+00
6.781399999999999650e+00
6.620599999999999596e+00
6.740700000000000358e+00
6.674199999999999910e+00
6.557800000000000296e+00
6.648100000000000342e+00
6.596700000000000230e+00
6.607300000000000395e+00
6.613500000000000156e+00
6.703299999999999592e+00
6.630099999999999660e+00
6.621100000000000207e+00
6.509299999999999642e+00
6.513399999999999856e+00
6.510399999999999743e+00
6.521099999999999675e+00
6.418499999999999872e+00
6.548899999999999721e+00
6.558200000000000252e+00
6.514599999999999724e+00
6.538299999999999557e+00
6.419500000000000206e+00
6.556099999999999817e+00
6.624299999999999855e+00
6.436700000000000088e+00
6.462699999999999889e+00
6.427100000000000257e+00
6.350200000000000067e+00
6.333300000000000374e+00
6.433200000000000252e+00
6.356600000000000250e+00
6.295899999999999608e+00
6.335799999999999876e+00
6.464000000000000412e+00
6.409799999999999720e+00
6.497499999999999609e+00
6.206299999999999706e+00
6.354099999999999859e+00
6.459399999999999586e+00
6.122799999999999798e+00
6.275599999999999845e+00
6.349700000000000344e+00
6.320800000000000196e+00
6.274200000000000443e+00
6.177299999999999791e+00
6.185699999999999754e+00
6.250300000000000189e+00
6.253199999999999648e+00
6.301499999999999879e+00
6.543099999999999916e+00
6.404499999999999638e+00
6.364799999999999791e+00
6.704500000000000348e+00
6.823999999999999844e+00
6.726799999999999891e+00
6.523100000000000342e+00
6.954600000000000115e+00
6.860199999999999854e+00
6.624100000000000321e+00
6.815400000000000347e+00
6.712600000000000122e+00
6.817999999999999616e+00
6.941499999999999559e+00
6.939400000000000013e+00
6.737800000000000011e+00
6.522199999999999775e+00
6.848300000000000054e+00
6.743000000000000327e+00
6.761599999999999611e+00
6.809800000000000075e+00
6.505300000000000082e+00
6.987599999999999589e+00
6.875799999999999912e+00
6.695299999999999585e+00
6.766000000000000014e+00
6.841099999999999959e+00
6.926000000000000156e+00
6.986100000000000421e+00
6.664699999999999847e+00
6.783199999999999896e+00
7.000899999999999679e+00
6.958800000000000097e+00
6.815699999999999648e+00
6.780800000000000161e+00
6.993999999999999773e+00
7.017900000000000027e+00
6.797900000000000276e+00
6.772199999999999775e+00
6.671100000000000030e+00
6.790600000000000414e+00
6.803399999999999892e+00
6.573699999999999655e+00
6.755300000000000082e+00
6.917200000000000237e+00
6.785400000000000098e+00
6.814000000000000057e+00
6.471599999999999575e+00
7.006499999999999950e+00
7.268799999999999706e+00
7.043499999999999872e+00
6.762199999999999989e+00
7.182400000000000340e+00
7.179800000000000182e+00
6.957600000000000229e+00
7.108200000000000074e+00
6.959699999999999775e+00
7.014199999999999768e+00
7.001900000000000013e+00
7.016099999999999781e+00
6.763799999999999812e+00
6.834800000000000431e+00
6.867600000000000371e+00
6.652499999999999858e+00
6.512999999999999901e+00
6.726300000000000168e+00
6.893699999999999939e+00
6.920399999999999885e+00
6.486600000000000144e+00
6.718700000000000117e+00
6.958899999999999864e+00
6.758899999999999686e+00
6.460700000000000109e+00
6.770599999999999952e+00
6.641399999999999970e+00
6.612400000000000055e+00
5.982899999999999885e+00
6.977199999999999847e+00
7.158299999999999663e+00
6.735699999999999577e+00
6.504800000000000360e+00
6.624900000000000233e+00
6.747099999999999653e+00
6.498400000000000176e+00
6.635799999999999699e+00
6.679299999999999571e+00
6.683099999999999596e+00
6.704500000000000348e+00
6.486600000000000144e+00
6.630099999999999660e+00
6.900299999999999656e+00
6.950700000000000323e+00
7.026500000000000412e+00
6.705099999999999838e+00
6.748999999999999666e+00
7.102400000000000269e+00
7.267199999999999882e+00
6.926700000000000301e+00
6.924000000000000377e+00
6.986100000000000421e+00
6.921599999999999753e+00
6.652000000000000135e+00
6.769700000000000273e+00
6.877299999999999969e+00
6.834900000000000198e+00
6.815400000000000347e+00
6.723099999999999632e+00
6.637800000000000367e+00
6.587100000000000399e+00
6.352800000000000225e+00
6.638600000000000279e+00
6.540899999999999714e+00
6.601300000000000168e+00
6.619500000000000384e+00
6.585600000000000342e+00
6.593700000000000117e+00
6.664399999999999658e+00
6.669599999999999973e+00
6.609799999999999898e+00
6.526299999999999990e+00
6.436099999999999710e+00
6.541299999999999670e+00
6.536500000000000199e+00
6.364300000000000068e+00
6.323999999999999844e+00
6.395100000000000229e+00
6.480900000000000105e+00
6.464299999999999713e+00
6.503800000000000026e+00
6.556899999999999729e+00
6.673000000000000043e+00
6.558300000000000018e+00
6.670200000000000351e+00
6.765399999999999636e+00
6.723200000000000287e+00
6.657899999999999707e+00
6.927699999999999747e+00
7.016300000000000203e+00
6.761899999999999800e+00
6.742099999999999760e+00
6.926599999999999646e+00
6.956199999999999939e+00
6.967699999999999783e+00
6.665399999999999991e+00
7.270400000000000418e+00
7.343899999999999650e+00
7.041400000000000325e+00
7.474499999999999922e+00
7.594699999999999562e+00
7.396600000000000286e+00
7.662799999999999834e+00
7.570100000000000051e+00
7.021499999999999631e+00
7.665099999999999802e+00
7.637199999999999989e+00
6.643699999999999939e+00
7.653999999999999915e+00
6.031399999999999650e+00
8.696300000000000807e+00
8.427400000000000446e+00
7.221599999999999575e+00
6.196900000000000297e+00
6.488500000000000156e+00
6.410199999999999676e+00
6.614300000000000068e+00
7.172900000000000276e+00
6.514100000000000001e+00
6.171800000000000175e+00
6.260799999999999699e+00
5.918800000000000061e+00
6.261700000000000266e+00
7.009699999999999598e+00
6.781900000000000261e+00
4.881999999999999673e+00
8.370900000000000674e+00
7.607300000000000395e+00
5.565999999999999837e+00
6.260399999999999743e+00
7.037899999999999601e+00
5.897700000000000387e+00
7.778699999999999726e+00
6.153699999999999726e+00
6.228100000000000414e+00
7.311799999999999855e+00
6.592699999999999783e+00
6.101700000000000124e+00
8.208099999999999952e+00
2.534600000000000186e+00
2.695599999999999952e+01
2.288810000000000144e+01
1.814939999999999998e+01
1.491629999999999967e+01
1.183230000000000004e+01
8.381000000000000227e+00
5.661900000000000155e+00
6.652400000000000091e+00
7.121000000000000441e+00
6.814600000000000435e+00
6.268099999999999561e+00
5.653200000000000003e+00
5.943599999999999994e+00
5.909399999999999764e+00
5.918000000000000149e+00
5.706299999999999706e+00
6.128000000000000114e+00
5.876100000000000101e+00
5.836199999999999832e+00
5.595900000000000318e+00
5.657600000000000406e+00
5.955700000000000216e+00
5.654300000000000104e+00
5.426300000000000345e+00
5.514100000000000001e+00
7.065599999999999881e+00
6.256300000000000416e+00
5.265799999999999592e+00
8.457200000000000273e+00
6.353799999999999670e+00
4.544900000000000162e+00
1.175820000000000043e+01
1.022990000000000066e+01
7.242700000000000138e+00
5.207499999999999574e+00
7.541599999999999859e+00
7.796700000000000408e+00
6.176800000000000068e+00
5.380200000000000315e+00
6.934300000000000352e+00
5.958800000000000097e+00
4.272000000000000242e+00
8.916199999999999903e+00
2.819700000000000095e+00
1.258280000000000065e+01
9.171599999999999753e+00
6.130200000000000315e+00
5.116600000000000037e+00
7.187299999999999578e+00
7.539600000000000080e+00
6.816900000000000404e+00
5.152199999999999669e+00
5.734300000000000175e+00
5.346300000000000274e+00
4.043099999999999916e+00
6.458599999999999675e+00
3.268400000000000194e+00
6.931000000000000050e+00
6.322600000000000442e+00
4.734499999999999709e+00
4.452600000000000335e+00
6.493999999999999773e+00
5.953299999999999592e+00
3.580400000000000027e+00
6.420200000000000351e+00
4.184199999999999697e+00
3.884500000000000064e+00
7.773399999999999643e+00
5.567899999999999849e+00
3.985199999999999854e+00
6.049100000000000144e+00
5.298300000000000232e+00
4.643900000000000361e+00
4.935299999999999798e+00
4.796100000000000030e+00
5.052399999999999558e+00
4.002100000000000435e+00
5.268399999999999750e+00
4.671499999999999986e+00
4.848799999999999777e+00
4.647400000000000198e+00
4.508700000000000152e+00
6.705199999999999605e+00
4.554599999999999760e+00
3.928700000000000081e+00
5.111500000000000377e+00
5.267500000000000071e+00
5.643200000000000216e+00
4.690000000000000391e+00
3.986299999999999955e+00
6.112899999999999778e+00
5.169999999999999929e+00
4.188799999999999635e+00
5.074300000000000033e+00
5.400599999999999845e+00
4.341499999999999915e+00
5.989899999999999558e+00
4.568599999999999994e+00
4.259400000000000297e+00
6.809199999999999697e+00
5.086999999999999744e+00
5.243299999999999628e+00
5.775999999999999801e+00
5.049900000000000055e+00
5.574699999999999989e+00
4.863400000000000389e+00
7.836700000000000443e+00
3.782999999999999918e+00
7.837100000000000399e+00
6.937599999999999767e+00
5.992899999999999672e+00
5.393600000000000172e+00
6.091199999999999726e+00
5.748700000000000365e+00
5.365499999999999936e+00
5.433099999999999596e+00
5.379999999999999893e+00
4.210200000000000387e+00
1.030059999999999931e+01
2.358099999999999863e+00
1.251319999999999943e+01
1.347400000000000020e+01
9.343899999999999650e+00
5.379500000000000171e+00
6.360899999999999999e+00
6.811099999999999710e+00
6.152599999999999625e+00
5.390399999999999636e+00
5.587100000000000399e+00
5.945500000000000007e+00
4.690999999999999837e+00
7.577200000000000379e+00
6.708800000000000097e+00
4.405199999999999783e+00
7.500300000000000189e+00
7.067800000000000082e+00
4.225900000000000212e+00
7.588400000000000034e+00
6.739099999999999646e+00
5.660499999999999865e+00
5.179000000000000270e+00
5.723799999999999777e+00
5.421899999999999942e+00
6.447400000000000020e+00
5.194799999999999862e+00
5.024300000000000210e+00
7.252699999999999925e+00
6.106099999999999639e+00
4.982300000000000395e+00
7.543499999999999872e+00
7.468499999999999694e+00
6.082200000000000273e+00
4.233699999999999797e+00
8.203900000000000858e+00
7.230500000000000149e+00
5.767400000000000304e+00
6.175600000000000200e+00
6.271600000000000286e+00
5.499900000000000233e+00
5.866699999999999804e+00
5.889000000000000234e+00
5.363999999999999879e+00
5.460700000000000109e+00
5.078000000000000291e+00
5.819700000000000095e+00
5.857800000000000118e+00
4.961199999999999832e+00
5.359499999999999709e+00
5.504299999999999748e+00
5.630600000000000271e+00
5.648100000000000342e+00
5.288100000000000023e+00
5.082799999999999763e+00
6.174500000000000099e+00
6.149899999999999700e+00
5.029399999999999871e+00
7.253400000000000070e+00
5.193100000000000271e+00
5.968700000000000117e+00
6.600299999999999834e+00
6.257900000000000240e+00
5.827099999999999724e+00
5.924800000000000288e+00
5.924000000000000377e+00
5.882399999999999629e+00
5.684599999999999653e+00
5.700599999999999667e+00
5.871599999999999930e+00
5.600100000000000300e+00
5.913499999999999979e+00
6.211700000000000443e+00
5.617200000000000415e+00
6.225699999999999790e+00
5.928700000000000081e+00
5.485899999999999999e+00
5.975399999999999601e+00
6.597500000000000142e+00
6.086999999999999744e+00
5.810100000000000264e+00
5.728100000000000414e+00
6.184000000000000163e+00
5.545600000000000307e+00
6.089800000000000324e+00
5.994200000000000195e+00
5.589999999999999858e+00
6.041400000000000325e+00
6.087100000000000399e+00
5.863500000000000156e+00
5.175300000000000011e+00
6.329399999999999693e+00
6.323400000000000354e+00
5.014100000000000001e+00
5.837200000000000166e+00
6.409200000000000230e+00
6.303899999999999615e+00
5.454799999999999649e+00
5.190999999999999837e+00
5.436700000000000088e+00
5.960700000000000109e+00
6.008300000000000196e+00
6.019400000000000084e+00
5.726600000000000357e+00
5.953400000000000247e+00
5.357700000000000351e+00
5.654499999999999638e+00
6.137199999999999989e+00
5.179599999999999760e+00
6.416699999999999626e+00
6.690299999999999692e+00
6.244900000000000340e+00
5.950199999999999712e+00
5.975999999999999979e+00
6.474499999999999922e+00
6.318599999999999994e+00
5.686899999999999622e+00
6.394899999999999807e+00
6.775999999999999801e+00
6.224599999999999689e+00
6.044400000000000439e+00
5.966400000000000148e+00
6.299299999999999677e+00
6.479599999999999582e+00
6.339400000000000368e+00
6.129999999999999893e+00
5.283299999999999663e+00
7.245199999999999640e+00
7.027599999999999625e+00
6.494799999999999685e+00
6.201699999999999768e+00
6.649099999999999788e+00
6.275199999999999889e+00
6.589699999999999669e+00
6.388600000000000279e+00
6.969500000000000028e+00
7.437000000000000277e+00
7.185599999999999987e+00
6.854499999999999815e+00
7.079500000000000348e+00
6.793700000000000294e+00
7.141499999999999737e+00
6.830499999999999794e+00
6.380300000000000082e+00
6.519300000000000317e+00
6.844800000000000217e+00
6.618900000000000006e+00
6.366299999999999848e+00
6.345500000000000362e+00
6.432599999999999874e+00
6.395400000000000418e+00
6.529600000000000293e+00
6.380600000000000271e+00
6.197600000000000442e+00
6.647800000000000153e+00
6.764000000000000234e+00
6.457099999999999618e+00
6.166999999999999815e+00
6.082799999999999763e+00
6.574200000000000266e+00
6.592800000000000438e+00
6.305500000000000327e+00
5.966800000000000104e+00
6.462699999999999889e+00
6.426599999999999646e+00
6.363699999999999690e+00
6.054899999999999949e+00
6.429899999999999949e+00
6.557400000000000340e+00
6.370000000000000107e+00
5.844500000000000028e+00
6.430500000000000327e+00
6.714900000000000091e+00
6.622799999999999798e+00
5.881800000000000139e+00
6.747600000000000264e+00
6.697400000000000020e+00
6.917200000000000237e+00
6.827200000000000379e+00
6.729400000000000048e+00
6.675799999999999734e+00
6.722699999999999676e+00
6.943699999999999761e+00
7.258399999999999963e+00
6.962200000000000166e+00
6.932000000000000384e+00
7.122700000000000031e+00
6.988699999999999690e+00
6.831999999999999851e+00
6.861200000000000188e+00
7.048700000000000188e+00
6.857599999999999696e+00
6.511700000000000266e+00
6.823500000000000121e+00
7.130099999999999660e+00
7.019099999999999895e+00
6.827099999999999724e+00
6.819899999999999629e+00
6.576800000000000423e+00
6.660099999999999909e+00
6.689199999999999591e+00
6.606799999999999784e+00
6.820100000000000051e+00
6.940800000000000303e+00
6.829299999999999926e+00
6.740899999999999892e+00
6.752200000000000202e+00
6.896300000000000097e+00
7.080799999999999983e+00
7.053499999999999659e+00
7.032600000000000406e+00
7.181300000000000239e+00
7.144700000000000273e+00
7.107700000000000351e+00
7.107800000000000118e+00
7.328000000000000291e+00
7.064099999999999824e+00
7.032300000000000217e+00
7.078999999999999737e+00
6.906399999999999650e+00
6.948000000000000398e+00
6.709699999999999775e+00
6.816200000000000259e+00
6.870199999999999640e+00
6.948500000000000121e+00
6.543999999999999595e+00
6.676599999999999646e+00
6.825499999999999901e+00
6.353299999999999947e+00
6.490899999999999892e+00
6.572499999999999787e+00
6.674599999999999866e+00
6.487700000000000244e+00
6.553899999999999615e+00
6.523799999999999599e+00
6.630600000000000271e+00
6.593099999999999739e+00
6.596499999999999808e+00
6.483799999999999564e+00
6.472100000000000186e+00
6.503800000000000026e+00
6.585399999999999920e+00
6.733299999999999841e+00
6.841999999999999638e+00
6.681300000000000239e+00
6.577300000000000146e+00
6.700099999999999945e+00
6.790199999999999569e+00
6.888899999999999579e+00
6.559199999999999697e+00
6.836800000000000210e+00
6.738199999999999967e+00
6.943100000000000271e+00
6.999500000000000277e+00
7.156900000000000261e+00
7.062800000000000189e+00
7.025500000000000078e+00
7.074900000000000411e+00
7.077300000000000146e+00
6.963000000000000078e+00
7.382299999999999862e+00
7.408500000000000085e+00
7.306099999999999817e+00
7.183099999999999596e+00
7.181799999999999962e+00
6.744799999999999685e+00
7.163700000000000401e+00
7.359499999999999709e+00
6.650199999999999889e+00
7.009299999999999642e+00
7.045600000000000307e+00
6.906299999999999883e+00
6.871999999999999886e+00
6.825499999999999901e+00
6.956400000000000361e+00
6.725299999999999834e+00
6.783599999999999852e+00
6.674599999999999866e+00
6.871000000000000441e+00
6.731399999999999828e+00
7.001800000000000246e+00
6.894400000000000084e+00
5.461100000000000065e+00
7.475699999999999790e+00
7.901399999999999757e+00
7.277999999999999581e+00
6.497099999999999653e+00
6.295899999999999608e+00
7.080799999999999983e+00
6.925200000000000244e+00
6.408599999999999852e+00
6.380200000000000315e+00
7.030499999999999972e+00
6.595399999999999707e+00
6.214599999999999902e+00
6.586199999999999832e+00
6.546700000000000408e+00
5.461400000000000254e+00
7.150299999999999656e+00
7.089999999999999858e+00
6.406100000000000350e+00
5.746800000000000352e+00
6.108399999999999608e+00
6.174900000000000055e+00
6.297299999999999898e+00
4.363400000000000389e+00
1.071209999999999951e+01
1.115820000000000078e+01
6.298499999999999766e+00
4.062599999999999767e+00
9.233900000000000219e+00
1.009099999999999930e+01
7.586199999999999832e+00
6.552399999999999558e+00
5.323199999999999932e+00
5.813500000000000334e+00
6.473900000000000432e+00
6.604599999999999582e+00
5.545799999999999841e+00
4.967999999999999972e+00
7.292200000000000237e+00
7.222100000000000186e+00
6.139899999999999913e+00
3.410200000000000120e+00
8.563800000000000523e+00
9.204700000000000770e+00
7.165899999999999714e+00
5.491200000000000081e+00
5.746800000000000352e+00
6.232099999999999973e+00
6.866999999999999993e+00
5.954799999999999649e+00
5.122300000000000075e+00
7.793099999999999916e+00
6.269599999999999618e+00
5.303799999999999848e+00
5.862099999999999866e+00
6.543899999999999828e+00
6.770199999999999996e+00
6.712500000000000355e+00
6.715300000000000047e+00
5.651600000000000179e+00
6.818500000000000227e+00
6.624600000000000044e+00
5.013700000000000045e+00
7.667900000000000382e+00
7.356300000000000061e+00
5.971799999999999997e+00
6.173799999999999955e+00
6.649700000000000166e+00
6.659799999999999720e+00
6.457399999999999807e+00
6.461100000000000065e+00
6.675600000000000200e+00
5.711700000000000443e+00
7.594599999999999795e+00
6.505099999999999660e+00
4.552299999999999791e+00
8.456699999999999662e+00
7.366600000000000037e+00
6.060500000000000220e+00
6.530599999999999739e+00
7.285199999999999676e+00
4.761199999999999655e+00
8.801800000000000068e+00
7.003099999999999881e+00
3.945100000000000051e+00
1.326340000000000074e+01
1.239840000000000053e+01
9.596799999999999997e+00
7.083800000000000097e+00
5.541699999999999626e+00
6.201600000000000001e+00
6.889300000000000423e+00
6.419599999999999973e+00
6.006700000000000372e+00
6.257200000000000095e+00
5.641099999999999781e+00
5.366799999999999571e+00
8.730999999999999872e+00
3.451299999999999812e+00
1.574569999999999936e+01
4.896600000000000286e+00
1.140879999999999939e+01
1.035619999999999941e+01
5.554400000000000226e+00
9.070399999999999352e+00
8.904299999999999216e+00
6.996500000000000163e+00
7.575400000000000134e+00
7.819700000000000095e+00
6.326100000000000279e+00
6.016300000000000203e+00
4.403800000000000381e+00
9.131000000000000227e+00
3.846299999999999830e+00
8.512700000000000600e+00
5.475100000000000300e+00
4.184099999999999930e+00
6.802100000000000257e+00
3.810900000000000176e+00
8.551800000000000068e+00
4.255399999999999849e+00
6.416000000000000369e+00
5.617399999999999949e+00
5.131700000000000372e+00
4.629199999999999982e+00
5.986399999999999721e+00
9.211000000000000298e-01
1.883129999999999882e+01
1.038569999999999993e+01
4.471099999999999852e+00
3.397899999999999920e+00
5.773699999999999832e+00
5.838099999999999845e+00
5.160899999999999821e+00
4.577099999999999724e+00
4.651900000000000368e+00
4.562100000000000044e+00
3.936300000000000132e+00
4.138300000000000090e+00
4.531399999999999650e+00
4.344199999999999839e+00
4.141000000000000014e+00
4.202600000000000335e+00
4.445000000000000284e+00
4.342200000000000060e+00
3.968500000000000139e+00
4.345399999999999707e+00
4.078899999999999970e+00
4.116799999999999571e+00
4.639300000000000423e+00
4.663000000000000256e+00
3.771100000000000119e+00
5.198400000000000354e+00
4.774799999999999933e+00
3.193200000000000038e+00
5.196299999999999919e+00
4.579100000000000392e+00
4.315800000000000303e+00
4.898399999999999643e+00
4.683200000000000252e+00
4.218499999999999694e+00
4.000099999999999767e+00
4.879500000000000171e+00
4.661800000000000388e+00
3.812899999999999956e+00
4.766799999999999926e+00
4.744100000000000428e+00
3.866299999999999848e+00
4.892699999999999605e+00
4.168899999999999828e+00
4.447799999999999976e+00
3.969899999999999984e+00
4.920899999999999608e+00
4.219999999999999751e+00
5.117799999999999905e+00
3.916100000000000136e+00
4.821600000000000108e+00
5.202399999999999913e+00
4.231099999999999639e+00
3.815100000000000158e+00
5.363500000000000156e+00
3.759700000000000042e+00
5.286999999999999922e+00
3.847100000000000186e+00
4.985899999999999999e+00
2.987600000000000033e+00
6.576699999999999768e+00
2.653599999999999959e+00
6.239899999999999558e+00
5.091999999999999638e+00
4.012999999999999901e+00
4.620700000000000252e+00
4.341999999999999638e+00
4.467699999999999783e+00
4.508300000000000196e+00
3.775300000000000100e+00
4.626699999999999591e+00
4.264599999999999724e+00
4.406100000000000350e+00
4.777099999999999902e+00
5.232099999999999973e+00
3.872199999999999864e+00
5.511599999999999611e+00
4.027000000000000135e+00
4.961500000000000021e+00
4.021200000000000330e+00
5.730500000000000149e+00
3.526800000000000157e+00
5.203100000000000058e+00
4.076999999999999957e+00
4.743299999999999628e+00
4.452700000000000102e+00
5.106600000000000250e+00
3.787100000000000133e+00
4.211100000000000065e+00
5.165199999999999569e+00
3.731199999999999850e+00
7.870099999999999874e+00
5.629999999999999449e-01
1.485030000000000072e+01
6.828199999999999825e+00
2.435700000000000198e+00
7.511199999999999655e+00
7.085600000000000342e+00
4.181099999999999817e+00
4.582499999999999574e+00
5.371900000000000119e+00
4.182699999999999640e+00
3.623600000000000154e+00
6.331699999999999662e+00
5.486399999999999721e+00
4.757100000000000328e+00
5.542900000000000382e+00
5.614799999999999791e+00
4.920799999999999841e+00
5.859499999999999709e+00
5.145999999999999908e+00
5.161699999999999733e+00
4.883000000000000007e+00
4.761700000000000266e+00
4.549599999999999866e+00
5.303700000000000081e+00
4.537899999999999601e+00
5.380399999999999849e+00
4.519400000000000084e+00
4.745099999999999874e+00
5.101600000000000357e+00
5.095299999999999940e+00
4.743000000000000327e+00
4.734300000000000175e+00
6.388200000000000323e+00
4.193800000000000416e+00
5.064799999999999969e+00
5.223399999999999821e+00
3.910299999999999887e+00
6.684700000000000308e+00
4.251000000000000334e+00
5.524600000000000399e+00
4.740199999999999747e+00
5.233999999999999986e+00
5.438299999999999912e+00
4.219899999999999984e+00
5.498300000000000409e+00
5.183099999999999596e+00
4.876999999999999780e+00
4.172699999999999854e+00
6.682000000000000384e+00
4.088099999999999845e+00
7.092299999999999827e+00
3.673099999999999810e+00
9.962799999999999656e+00
5.282499999999999751e+00
4.187700000000000422e+00
9.839800000000000324e+00
7.067700000000000315e+00
3.224800000000000111e+00
1.597139999999999915e+01
8.091900000000000759e+00
3.191399999999999793e+00
1.049029999999999951e+01
8.025800000000000267e+00
4.118199999999999861e+00
7.793400000000000105e+00
6.818900000000000183e+00
4.752200000000000202e+00
4.291599999999999859e+00
5.245199999999999640e+00
5.426499999999999879e+00
4.807500000000000107e+00
4.898299999999999876e+00
4.956999999999999851e+00
4.652499999999999858e+00
4.630600000000000271e+00
3.496799999999999908e+00
6.983100000000000307e+00
3.458299999999999930e+00
5.331599999999999895e+00
5.430799999999999628e+00
4.331699999999999662e+00
4.425200000000000244e+00
4.833599999999999675e+00
4.790899999999999714e+00
4.217200000000000060e+00
4.492700000000000138e+00
4.710600000000000342e+00
4.333899999999999864e+00
4.609399999999999942e+00
5.204100000000000392e+00
4.120199999999999640e+00
4.443999999999999950e+00
4.899000000000000021e+00
3.379900000000000126e+00
6.318800000000000416e+00
3.601199999999999957e+00
5.290899999999999714e+00
4.943399999999999572e+00
4.453800000000000203e+00
4.382900000000000240e+00
5.286999999999999922e+00
3.737699999999999800e+00
5.054400000000000226e+00
5.217500000000000249e+00
3.949500000000000011e+00
4.669900000000000162e+00
4.155199999999999783e+00
4.884999999999999787e+00
5.182100000000000151e+00
4.037899999999999601e+00
4.743400000000000283e+00
4.783500000000000085e+00
4.605400000000000382e+00
4.158900000000000041e+00
4.854599999999999582e+00
5.142199999999999882e+00
4.019000000000000128e+00
5.100600000000000023e+00
4.625399999999999956e+00
3.618100000000000094e+00
5.935200000000000031e+00
4.302699999999999747e+00
3.939099999999999824e+00
5.313100000000000378e+00
5.415600000000000414e+00
4.993199999999999861e+00
4.251999999999999780e+00
5.361900000000000333e+00
4.747499999999999609e+00
4.436600000000000321e+00
5.157799999999999940e+00
4.357199999999999740e+00
4.696299999999999919e+00
5.302800000000000402e+00
4.718799999999999883e+00
4.915700000000000180e+00
5.263499999999999623e+00
4.474000000000000199e+00
5.031100000000000350e+00
5.127900000000000347e+00
4.496199999999999974e+00
5.122799999999999798e+00
5.291400000000000325e+00
5.169699999999999740e+00
5.108399999999999608e+00
4.992099999999999760e+00
5.591099999999999959e+00
4.720200000000000173e+00
6.766499999999999737e+00
5.245599999999999596e+00
4.693599999999999994e+00
6.082200000000000273e+00
5.923300000000000232e+00
5.193999999999999950e+00
4.903800000000000381e+00
5.118599999999999817e+00
5.331199999999999939e+00
5.136199999999999655e+00
4.851600000000000357e+00
5.172100000000000364e+00
4.302599999999999980e+00
5.299900000000000055e+00
5.401699999999999946e+00
4.023699999999999832e+00
5.334100000000000286e+00
3.613100000000000200e+00
7.948599999999999888e+00
5.583499999999999908e+00
4.098900000000000432e+00
5.569300000000000139e+00
6.134000000000000341e+00
5.206900000000000084e+00
5.752299999999999969e+00
4.837699999999999889e+00
5.697700000000000209e+00
4.805200000000000138e+00
5.059199999999999697e+00
5.976099999999999746e+00
4.863500000000000156e+00
4.477100000000000080e+00
5.970699999999999896e+00
4.592800000000000438e+00
5.507799999999999585e+00
5.557900000000000063e+00
5.156500000000000306e+00
5.513499999999999623e+00
5.391200000000000436e+00
5.034399999999999764e+00
5.272599999999999731e+00
5.871999999999999886e+00
5.511800000000000033e+00
4.626900000000000013e+00
5.906799999999999606e+00
6.122300000000000075e+00
5.200999999999999623e+00
5.056600000000000428e+00
5.283599999999999852e+00
5.002399999999999736e+00
5.283100000000000129e+00
5.572899999999999743e+00
5.325700000000000323e+00
5.236299999999999955e+00
5.425399999999999778e+00
5.548700000000000188e+00
5.608100000000000307e+00
5.266799999999999926e+00
5.192400000000000126e+00
4.897899999999999920e+00
5.381400000000000183e+00
5.722699999999999676e+00
5.584399999999999586e+00
4.780999999999999694e+00
5.946399999999999686e+00
6.202399999999999913e+00
5.754500000000000171e+00
5.217399999999999594e+00
5.877299999999999969e+00
6.100500000000000256e+00
5.639199999999999768e+00
5.711400000000000254e+00
5.609799999999999898e+00
5.930600000000000094e+00
4.800900000000000389e+00
7.461899999999999977e+00
7.342800000000000438e+00
5.865000000000000213e+00
5.432299999999999685e+00
6.441600000000000215e+00
6.136899999999999800e+00
5.201600000000000001e+00
6.874799999999999578e+00
6.536599999999999966e+00
5.299000000000000377e+00
7.324499999999999567e+00
