1.161999999999999922e+00
8.925999999999999490e-01
7.644999999999999574e-01
6.795999999999999819e-01
5.918999999999999817e-01
4.912000000000000255e-01
4.408000000000000251e-01
4.097000000000000086e-01
4.227000000000000202e-01
3.977999999999999869e-01
4.207000000000000184e-01
4.192000000000000171e-01
4.345999999999999863e-01
4.109999999999999765e-01
4.112000000000000099e-01
3.896999999999999909e-01
4.139999999999999791e-01
3.881999999999999895e-01
3.817999999999999727e-01
3.775000000000000022e-01
4.087999999999999967e-01
4.056000000000000161e-01
3.975000000000000200e-01
3.882999999999999785e-01
3.881000000000000005e-01
3.761999999999999789e-01
3.935000000000000164e-01
3.798000000000000265e-01
4.072000000000000064e-01
4.173000000000000043e-01
4.304999999999999938e-01
4.208000000000000074e-01
4.446999999999999842e-01
4.504000000000000226e-01
4.501999999999999891e-01
4.452999999999999736e-01
4.728999999999999870e-01
4.763000000000000012e-01
4.914000000000000035e-01
5.022999999999999687e-01
5.256999999999999451e-01
5.161000000000000032e-01
4.839999999999999858e-01
5.302999999999999936e-01
5.100000000000000089e-01
4.981999999999999762e-01
4.544000000000000261e-01
4.534000000000000252e-01
4.254999999999999893e-01
4.354000000000000092e-01
4.423000000000000265e-01
4.288000000000000145e-01
4.334000000000000075e-01
4.418000000000000260e-01
4.465999999999999970e-01
4.607999999999999874e-01
4.591999999999999971e-01
4.902000000000000246e-01
4.877000000000000224e-01
5.252000000000000002e-01
5.194999999999999618e-01
5.164999999999999591e-01
4.939000000000000057e-01
5.118000000000000327e-01
4.974000000000000088e-01
5.455999999999999739e-01
5.184999999999999609e-01
5.303999999999999826e-01
5.362000000000000099e-01
5.419000000000000483e-01
5.453000000000000069e-01
5.294999999999999707e-01
5.433000000000000052e-01
5.643000000000000238e-01
5.482000000000000206e-01
5.627999999999999670e-01
5.243999999999999773e-01
5.047000000000000375e-01
5.059000000000000163e-01
4.968000000000000194e-01
5.004999999999999449e-01
5.066000000000000503e-01
5.283999999999999808e-01
5.655000000000000027e-01
5.631000000000000449e-01
5.937999999999999945e-01
5.993000000000000549e-01
5.997000000000000108e-01
6.097000000000000197e-01
6.594999999999999751e-01
6.401999999999999913e-01
6.631000000000000227e-01
6.865999999999999881e-01
7.104000000000000314e-01
6.998999999999999666e-01
6.594999999999999751e-01
6.743999999999999995e-01
6.544999999999999707e-01
6.449000000000000288e-01
6.562000000000000055e-01
6.552999999999999936e-01
6.724999999999999867e-01
6.634999999999999787e-01
6.938999999999999613e-01
7.133000000000000451e-01
7.328999999999999959e-01
7.372999999999999554e-01
7.311999999999999611e-01
7.399999999999999911e-01
7.375000000000000444e-01
6.944000000000000172e-01
6.565999999999999615e-01
6.535999999999999588e-01
6.835999999999999854e-01
6.949999999999999512e-01
7.089999999999999636e-01
7.136000000000000121e-01
7.109999999999999654e-01
7.066999999999999948e-01
7.100999999999999535e-01
7.037999999999999812e-01
6.691000000000000281e-01
6.673000000000000043e-01
6.605999999999999650e-01
6.611000000000000210e-01
6.524999999999999689e-01
6.820000000000000506e-01
6.583999999999999853e-01
6.878999999999999559e-01
7.096999999999999975e-01
7.003000000000000336e-01
7.374000000000000554e-01
7.226000000000000201e-01
7.350999999999999757e-01
7.741999999999999993e-01
7.831000000000000183e-01
7.896999999999999575e-01
8.080000000000000515e-01
8.258999999999999675e-01
8.395000000000000240e-01
7.993000000000000105e-01
7.637000000000000455e-01
7.310999999999999721e-01
7.115000000000000213e-01
7.066999999999999948e-01
7.238999999999999879e-01
7.396000000000000352e-01
7.154000000000000359e-01
7.317000000000000171e-01
7.775999999999999579e-01
7.979000000000000536e-01
8.001000000000000334e-01
7.824999999999999734e-01
8.362000000000000544e-01
8.599999999999999867e-01
8.184000000000000163e-01
7.669000000000000261e-01
7.944999999999999840e-01
7.966999999999999638e-01
8.362000000000000544e-01
8.658000000000000140e-01
8.857000000000000428e-01
8.965999999999999526e-01
8.735000000000000542e-01
8.994999999999999662e-01
9.186999999999999611e-01
9.265999999999999792e-01
9.212000000000000188e-01
9.038000000000000478e-01
8.649999999999999911e-01
8.226999999999999869e-01
7.933000000000000052e-01
7.839000000000000412e-01
7.934999999999999831e-01
7.721000000000000085e-01
8.024000000000000021e-01
8.268999999999999684e-01
8.435000000000000275e-01
8.447999999999999954e-01
8.586000000000000298e-01
8.329999999999999627e-01
8.216999999999999860e-01
8.105999999999999872e-01
8.202000000000000401e-01
8.417000000000000037e-01
8.797000000000000375e-01
9.104999999999999760e-01
8.969000000000000306e-01
9.094999999999999751e-01
9.054999999999999716e-01
9.214999999999999858e-01
9.437999999999999723e-01
9.872999999999999554e-01
9.779999999999999805e-01
9.903999999999999471e-01
9.858000000000000096e-01
1.008499999999999952e+00
1.009200000000000097e+00
1.026000000000000023e+00
1.043099999999999916e+00
1.035500000000000087e+00
1.027600000000000069e+00
1.011100000000000110e+00
9.973999999999999533e-01
9.922999999999999599e-01
9.919000000000000039e-01
1.004699999999999926e+00
9.948000000000000176e-01
9.790999999999999703e-01
9.707999999999999963e-01
9.562000000000000499e-01
9.566999999999999948e-01
9.485000000000000098e-01
9.554000000000000270e-01
9.314000000000000057e-01
9.072000000000000064e-01
8.890000000000000124e-01
8.735000000000000542e-01
9.013999999999999790e-01
9.233999999999999986e-01
9.425000000000000044e-01
9.951999999999999735e-01
1.014399999999999968e+00
1.004299999999999971e+00
1.001300000000000079e+00
1.006199999999999983e+00
1.010000000000000009e+00
1.027500000000000080e+00
1.038300000000000001e+00
1.008499999999999952e+00
9.858000000000000096e-01
9.787000000000000144e-01
9.801999999999999602e-01
9.697999999999999954e-01
9.638999999999999790e-01
9.911999999999999700e-01
1.006699999999999928e+00
1.034599999999999964e+00
1.068500000000000005e+00
1.074100000000000055e+00
1.083299999999999930e+00
1.075299999999999923e+00
1.045299999999999896e+00
1.001200000000000090e+00
9.598999999999999755e-01
9.817000000000000171e-01
1.002599999999999936e+00
1.040899999999999936e+00
1.072400000000000020e+00
1.116900000000000004e+00
1.155100000000000016e+00
1.194499999999999895e+00
1.225100000000000078e+00
1.225400000000000045e+00
1.197300000000000031e+00
1.217200000000000060e+00
1.179100000000000037e+00
1.182600000000000096e+00
1.166199999999999903e+00
1.162300000000000111e+00
1.162099999999999911e+00
1.165599999999999969e+00
1.157899999999999929e+00
1.154800000000000049e+00
1.148400000000000087e+00
1.161000000000000032e+00
1.170400000000000107e+00
1.164600000000000080e+00
1.174299999999999899e+00
1.206199999999999939e+00
1.202800000000000091e+00
1.174199999999999910e+00
1.148600000000000065e+00
1.155100000000000016e+00
1.149000000000000021e+00
1.166099999999999914e+00
1.104600000000000026e+00
1.056799999999999962e+00
1.060899999999999954e+00
1.061900000000000066e+00
1.049900000000000055e+00
1.019700000000000051e+00
1.029500000000000082e+00
1.029700000000000060e+00
1.038799999999999946e+00
1.054200000000000026e+00
1.020399999999999974e+00
1.014399999999999968e+00
1.003300000000000081e+00
9.849999999999999867e-01
9.963999999999999524e-01
9.899999999999999911e-01
1.010599999999999943e+00
1.038899999999999935e+00
1.021600000000000064e+00
1.033500000000000085e+00
1.029400000000000093e+00
1.017400000000000082e+00
1.043800000000000061e+00
1.068400000000000016e+00
1.085499999999999909e+00
1.093599999999999905e+00
1.137999999999999901e+00
1.116900000000000004e+00
1.133599999999999941e+00
1.126300000000000079e+00
1.126700000000000035e+00
1.108100000000000085e+00
1.096799999999999997e+00
1.094000000000000083e+00
1.060599999999999987e+00
1.068200000000000038e+00
1.064200000000000035e+00
1.062300000000000022e+00
1.052400000000000002e+00
1.054699999999999971e+00
1.015400000000000080e+00
1.010599999999999943e+00
1.020599999999999952e+00
1.027199999999999891e+00
1.042899999999999938e+00
1.040699999999999958e+00
1.067299999999999915e+00
1.090000000000000080e+00
1.094799999999999995e+00
1.062899999999999956e+00
1.048999999999999932e+00
1.057399999999999896e+00
1.050999999999999934e+00
1.062899999999999956e+00
1.078500000000000014e+00
1.086000000000000076e+00
1.125899999999999901e+00
1.161200000000000010e+00
1.180500000000000105e+00
1.220599999999999907e+00
1.241999999999999993e+00
1.250499999999999945e+00
1.233400000000000052e+00
1.201899999999999968e+00
1.168299999999999894e+00
1.117599999999999927e+00
1.097499999999999920e+00
1.093900000000000095e+00
1.126400000000000068e+00
1.141999999999999904e+00
1.179000000000000048e+00
1.186500000000000110e+00
1.210800000000000098e+00
1.220199999999999951e+00
1.238599999999999923e+00
1.253300000000000081e+00
1.277099999999999902e+00
1.300499999999999989e+00
1.328000000000000069e+00
1.337299999999999933e+00
1.349399999999999933e+00
1.352000000000000091e+00
1.351900000000000102e+00
1.333700000000000108e+00
1.312500000000000000e+00
1.293600000000000083e+00
1.293600000000000083e+00
1.283400000000000096e+00
1.276200000000000001e+00
1.265800000000000036e+00
1.278799999999999937e+00
1.278799999999999937e+00
1.290599999999999969e+00
1.301199999999999912e+00
1.294200000000000017e+00
1.261800000000000033e+00
1.214699999999999891e+00
1.146500000000000075e+00
1.101499999999999924e+00
1.095499999999999918e+00
1.115599999999999925e+00
1.162199999999999900e+00
1.207100000000000062e+00
1.213500000000000023e+00
1.251200000000000090e+00
1.238599999999999923e+00
1.225500000000000034e+00
1.189300000000000024e+00
1.160700000000000065e+00
1.121499999999999941e+00
1.127199999999999980e+00
1.139699999999999935e+00
1.151299999999999990e+00
1.180299999999999905e+00
1.179899999999999949e+00
1.192499999999999893e+00
1.191599999999999993e+00
1.214599999999999902e+00
1.240399999999999947e+00
1.251600000000000046e+00
1.260599999999999943e+00
1.263900000000000023e+00
1.262699999999999934e+00
1.241900000000000004e+00
1.253700000000000037e+00
1.263400000000000079e+00
1.288799999999999946e+00
1.257300000000000084e+00
1.237100000000000088e+00
1.215500000000000025e+00
1.194700000000000095e+00
1.182600000000000096e+00
1.198399999999999910e+00
1.214800000000000102e+00
1.223999999999999977e+00
1.206900000000000084e+00
1.205100000000000060e+00
1.211300000000000043e+00
1.209600000000000009e+00
1.208299999999999930e+00
1.222099999999999964e+00
1.211100000000000065e+00
1.192099999999999937e+00
1.172199999999999909e+00
1.182900000000000063e+00
1.170299999999999896e+00
1.177999999999999936e+00
1.174500000000000099e+00
1.193899999999999961e+00
1.225700000000000012e+00
1.236099999999999977e+00
1.246499999999999941e+00
1.262100000000000000e+00
1.249300000000000077e+00
1.249000000000000110e+00
1.234699999999999909e+00
1.232199999999999962e+00
1.237900000000000000e+00
1.233999999999999986e+00
1.239800000000000013e+00
1.227300000000000058e+00
1.220399999999999929e+00
1.205100000000000060e+00
1.192600000000000104e+00
1.177999999999999936e+00
1.163699999999999957e+00
1.152900000000000036e+00
1.163000000000000034e+00
1.152900000000000036e+00
1.169699999999999962e+00
1.187699999999999978e+00
1.188800000000000079e+00
1.179400000000000004e+00
1.160900000000000043e+00
1.153799999999999937e+00
1.153000000000000025e+00
1.166400000000000103e+00
1.170800000000000063e+00
1.174800000000000066e+00
1.166099999999999914e+00
1.177300000000000013e+00
1.191200000000000037e+00
1.208199999999999941e+00
1.222900000000000098e+00
1.238499999999999934e+00
1.259500000000000064e+00
1.274999999999999911e+00
1.270699999999999941e+00
1.264199999999999990e+00
1.219899999999999984e+00
1.169000000000000039e+00
1.147399999999999975e+00
1.145199999999999996e+00
1.147999999999999909e+00
1.172400000000000109e+00
1.197500000000000009e+00
1.226699999999999902e+00
1.241300000000000070e+00
1.251600000000000046e+00
1.279700000000000060e+00
1.303600000000000092e+00
1.325499999999999901e+00
1.328999999999999959e+00
1.325599999999999890e+00
1.335700000000000109e+00
1.343199999999999950e+00
1.329900000000000082e+00
1.350000000000000089e+00
1.347299999999999942e+00
1.346400000000000041e+00
1.355599999999999916e+00
1.352100000000000080e+00
1.343299999999999939e+00
1.338700000000000001e+00
1.352700000000000014e+00
1.341499999999999915e+00
1.333700000000000108e+00
1.322999999999999954e+00
1.312899999999999956e+00
1.312799999999999967e+00
1.286200000000000010e+00
1.261900000000000022e+00
1.243500000000000050e+00
1.225200000000000067e+00
1.241600000000000037e+00
1.255300000000000082e+00
1.277500000000000080e+00
1.293299999999999894e+00
1.289099999999999913e+00
1.294499999999999984e+00
1.307399999999999896e+00
1.318500000000000005e+00
1.348100000000000076e+00
1.353199999999999958e+00
1.336699999999999999e+00
1.298200000000000021e+00
1.288499999999999979e+00
1.273400000000000087e+00
1.233800000000000008e+00
1.215500000000000025e+00
1.219100000000000072e+00
1.219400000000000039e+00
1.196099999999999941e+00
1.194099999999999939e+00
1.168600000000000083e+00
1.149100000000000010e+00
1.170500000000000096e+00
1.215100000000000069e+00
1.264299999999999979e+00
1.298100000000000032e+00
1.327800000000000091e+00
1.336000000000000076e+00
1.350800000000000001e+00
1.368600000000000039e+00
1.389699999999999935e+00
1.419300000000000006e+00
1.431899999999999951e+00
1.435599999999999987e+00
1.435799999999999965e+00
1.456700000000000106e+00
1.473000000000000087e+00
1.532699999999999951e+00
1.573600000000000110e+00
1.602899999999999991e+00
1.488799999999999901e+00
1.447100000000000053e+00
1.462599999999999900e+00
1.471500000000000030e+00
1.486900000000000110e+00
1.497000000000000108e+00
1.523500000000000076e+00
1.515500000000000069e+00
1.459200000000000053e+00
1.433200000000000029e+00
1.420800000000000063e+00
1.391399999999999970e+00
1.396400000000000086e+00
1.398700000000000054e+00
1.428099999999999925e+00
1.422900000000000054e+00
1.426500000000000101e+00
1.440099999999999936e+00
1.436500000000000110e+00
1.397199999999999998e+00
1.374300000000000077e+00
1.338700000000000001e+00
1.339399999999999924e+00
1.333399999999999919e+00
1.344799999999999995e+00
1.374200000000000088e+00
1.402099999999999902e+00
1.413799999999999946e+00
1.410900000000000043e+00
1.416400000000000103e+00
1.529900000000000038e+00
1.753900000000000015e+00
1.591900000000000093e+00
1.361099999999999977e+00
1.400300000000000100e+00
1.409100000000000019e+00
1.398700000000000054e+00
1.414099999999999913e+00
1.412300000000000111e+00
1.408600000000000074e+00
1.416199999999999903e+00
1.407799999999999940e+00
1.374000000000000110e+00
1.398900000000000032e+00
1.435799999999999965e+00
1.471100000000000074e+00
1.469799999999999995e+00
1.454199999999999937e+00
1.445799999999999974e+00
1.464099999999999957e+00
1.473200000000000065e+00
1.490799999999999903e+00
1.531099999999999905e+00
1.577800000000000091e+00
1.558799999999999963e+00
1.473400000000000043e+00
1.404800000000000049e+00
1.418299999999999894e+00
1.435300000000000020e+00
1.462699999999999889e+00
1.499100000000000099e+00
1.522199999999999998e+00
1.549199999999999910e+00
1.548000000000000043e+00
1.534999999999999920e+00
1.464800000000000102e+00
1.406199999999999894e+00
1.403399999999999981e+00
1.426500000000000101e+00
1.443599999999999994e+00
1.475500000000000034e+00
1.460900000000000087e+00
1.461799999999999988e+00
1.465600000000000014e+00
1.460499999999999909e+00
1.444700000000000095e+00
1.466199999999999948e+00
1.491000000000000103e+00
1.512199999999999989e+00
1.548200000000000021e+00
1.558100000000000041e+00
1.597800000000000109e+00
1.606100000000000083e+00
1.611699999999999910e+00
1.607299999999999951e+00
1.582100000000000062e+00
1.586100000000000065e+00
1.580400000000000027e+00
1.594000000000000083e+00
1.588200000000000056e+00
1.583900000000000086e+00
1.580899999999999972e+00
1.596799999999999997e+00
1.606300000000000061e+00
1.592500000000000027e+00
1.569900000000000073e+00
1.515800000000000036e+00
1.460099999999999953e+00
1.451999999999999957e+00
1.434800000000000075e+00
1.460199999999999942e+00
1.499000000000000110e+00
1.556200000000000028e+00
1.589199999999999946e+00
1.621599999999999930e+00
1.600400000000000045e+00
1.564899999999999958e+00
1.519900000000000029e+00
1.521300000000000097e+00
1.546300000000000008e+00
1.580799999999999983e+00
1.577900000000000080e+00
1.547199999999999909e+00
1.504000000000000004e+00
1.495000000000000107e+00
1.519400000000000084e+00
1.543199999999999905e+00
1.566500000000000004e+00
1.594300000000000050e+00
1.608500000000000041e+00
1.626500000000000057e+00
1.640800000000000036e+00
1.617399999999999949e+00
1.607799999999999896e+00
1.563900000000000068e+00
1.549800000000000066e+00
1.560999999999999943e+00
1.585299999999999931e+00
1.606899999999999995e+00
1.622999999999999998e+00
1.601799999999999891e+00
1.593800000000000106e+00
1.602999999999999980e+00
1.624800000000000022e+00
1.639199999999999990e+00
1.642700000000000049e+00
1.610500000000000043e+00
1.552599999999999980e+00
1.552699999999999969e+00
1.572699999999999987e+00
1.578100000000000058e+00
1.611199999999999966e+00
1.632100000000000106e+00
1.656900000000000039e+00
1.690900000000000070e+00
1.685999999999999943e+00
1.728699999999999903e+00
1.750199999999999978e+00
1.699899999999999967e+00
1.679000000000000048e+00
1.632400000000000073e+00
1.647699999999999942e+00
1.668199999999999905e+00
1.692600000000000104e+00
1.699899999999999967e+00
1.592700000000000005e+00
1.558200000000000029e+00
1.617499999999999938e+00
1.733300000000000063e+00
1.776299999999999990e+00
1.823099999999999943e+00
1.790499999999999980e+00
1.552200000000000024e+00
1.561500000000000110e+00
1.741100000000000092e+00
1.902099999999999902e+00
1.845599999999999907e+00
1.675999999999999934e+00
1.621899999999999897e+00
1.691799999999999971e+00
1.759900000000000020e+00
1.729899999999999993e+00
1.685000000000000053e+00
1.670299999999999896e+00
1.703000000000000069e+00
1.733200000000000074e+00
1.755400000000000071e+00
1.844999999999999973e+00
1.903999999999999915e+00
1.902500000000000080e+00
1.781700000000000061e+00
1.756799999999999917e+00
1.784699999999999953e+00
1.815800000000000081e+00
1.836400000000000032e+00
1.848200000000000065e+00
1.874400000000000066e+00
1.876700000000000035e+00
1.787900000000000045e+00
1.699100000000000055e+00
1.657100000000000017e+00
1.673399999999999999e+00
1.708199999999999941e+00
1.735700000000000021e+00
1.778000000000000025e+00
1.805299999999999905e+00
1.812999999999999945e+00
1.786200000000000010e+00
1.753500000000000059e+00
1.769900000000000029e+00
1.797299999999999898e+00
1.802899999999999947e+00
1.834600000000000009e+00
1.864800000000000013e+00
1.901499999999999968e+00
1.922700000000000076e+00
1.920900000000000052e+00
1.914199999999999902e+00
1.935799999999999965e+00
1.937899999999999956e+00
1.883199999999999985e+00
1.855599999999999916e+00
1.861199999999999966e+00
1.861599999999999921e+00
1.864400000000000057e+00
1.893699999999999939e+00
1.918900000000000050e+00
1.846999999999999975e+00
1.809700000000000086e+00
1.779300000000000104e+00
1.799600000000000088e+00
1.828300000000000036e+00
1.849499999999999922e+00
1.838999999999999968e+00
1.849299999999999944e+00
1.867299999999999960e+00
1.826999999999999957e+00
1.825099999999999945e+00
1.838000000000000078e+00
1.884300000000000086e+00
1.909000000000000030e+00
1.893399999999999972e+00
1.865199999999999969e+00
1.845699999999999896e+00
1.866200000000000081e+00
1.915599999999999969e+00
1.951000000000000068e+00
1.992799999999999905e+00
1.934399999999999897e+00
1.886900000000000022e+00
1.887499999999999956e+00
1.875399999999999956e+00
1.878800000000000026e+00
1.871099999999999985e+00
1.880800000000000027e+00
1.897799999999999931e+00
1.965799999999999992e+00
2.010899999999999910e+00
1.977100000000000080e+00
1.896600000000000064e+00
1.871099999999999985e+00
1.905100000000000016e+00
1.906600000000000072e+00
1.938099999999999934e+00
1.926199999999999912e+00
1.964599999999999902e+00
2.068900000000000183e+00
2.152699999999999836e+00
1.975300000000000056e+00
1.841399999999999926e+00
1.888800000000000034e+00
2.020799999999999930e+00
2.105199999999999960e+00
2.067800000000000082e+00
1.872500000000000053e+00
1.881799999999999917e+00
1.913799999999999946e+00
1.969300000000000050e+00
2.016599999999999948e+00
2.001599999999999824e+00
1.959500000000000020e+00
1.920900000000000052e+00
1.901200000000000001e+00
1.870999999999999996e+00
1.898200000000000109e+00
1.926099999999999923e+00
1.983000000000000096e+00
1.938800000000000079e+00
1.951600000000000001e+00
1.987600000000000033e+00
2.060099999999999820e+00
2.049999999999999822e+00
2.055299999999999905e+00
2.000799999999999912e+00
1.989400000000000057e+00
2.018699999999999939e+00
2.071899999999999853e+00
2.116800000000000015e+00
2.204000000000000181e+00
2.137100000000000222e+00
2.029700000000000060e+00
2.010600000000000165e+00
2.023499999999999854e+00
2.095800000000000107e+00
2.202300000000000146e+00
2.380799999999999805e+00
2.273200000000000109e+00
2.217799999999999994e+00
2.103200000000000180e+00
2.063000000000000167e+00
2.103699999999999903e+00
2.104200000000000070e+00
2.073599999999999888e+00
2.138199999999999878e+00
2.421400000000000219e+00
2.317200000000000149e+00
2.109500000000000153e+00
2.042899999999999938e+00
2.115600000000000147e+00
2.149500000000000188e+00
2.105700000000000127e+00
2.146700000000000053e+00
2.247399999999999842e+00
2.161799999999999944e+00
2.163499999999999979e+00
2.050399999999999778e+00
2.087600000000000122e+00
2.163400000000000212e+00
2.248600000000000154e+00
2.148899999999999810e+00
2.051000000000000156e+00
2.041900000000000048e+00
2.104999999999999982e+00
2.268800000000000150e+00
2.368100000000000094e+00
2.285200000000000120e+00
2.043400000000000105e+00
2.025900000000000034e+00
2.084000000000000075e+00
2.129399999999999959e+00
2.095699999999999896e+00
2.114599999999999813e+00
2.141399999999999970e+00
2.169799999999999951e+00
2.199899999999999967e+00
2.220099999999999962e+00
2.201099999999999834e+00
2.167199999999999793e+00
2.134399999999999853e+00
2.158500000000000085e+00
2.176899999999999835e+00
2.208000000000000185e+00
2.220400000000000151e+00
2.264100000000000001e+00
2.305800000000000072e+00
2.389499999999999957e+00
2.340399999999999814e+00
2.306799999999999962e+00
2.236299999999999955e+00
2.250999999999999890e+00
2.264600000000000168e+00
2.197700000000000209e+00
2.119000000000000217e+00
2.157200000000000006e+00
2.273000000000000131e+00
2.569199999999999928e+00
2.742900000000000116e+00
2.434499999999999886e+00
2.090599999999999792e+00
2.118199999999999861e+00
2.202799999999999869e+00
2.264600000000000168e+00
2.267500000000000071e+00
2.289200000000000124e+00
2.316300000000000026e+00
2.385200000000000209e+00
2.376199999999999868e+00
2.451999999999999957e+00
2.526800000000000157e+00
2.491000000000000103e+00
2.226399999999999935e+00
2.165599999999999969e+00
2.199500000000000011e+00
2.217200000000000060e+00
2.253699999999999815e+00
2.271500000000000075e+00
2.302400000000000002e+00
2.332599999999999785e+00
2.367100000000000204e+00
2.389899999999999913e+00
2.334499999999999797e+00
2.270799999999999930e+00
2.225999999999999979e+00
2.254599999999999937e+00
2.327100000000000168e+00
2.513199999999999878e+00
2.597300000000000164e+00
2.295399999999999885e+00
2.169700000000000184e+00
2.280699999999999950e+00
2.513100000000000112e+00
2.564700000000000202e+00
2.394800000000000040e+00
2.219800000000000217e+00
2.246300000000000185e+00
2.409400000000000208e+00
2.561100000000000154e+00
2.579800000000000093e+00
2.422400000000000109e+00
2.373499999999999943e+00
2.349600000000000133e+00
2.382800000000000029e+00
2.430400000000000116e+00
2.443900000000000183e+00
2.433899999999999952e+00
2.456900000000000084e+00
2.457300000000000040e+00
2.619899999999999896e+00
2.470000000000000195e+00
2.363300000000000178e+00
2.365099999999999980e+00
2.371999999999999886e+00
2.403599999999999959e+00
2.358400000000000052e+00
2.383999999999999897e+00
2.354299999999999837e+00
2.344199999999999839e+00
2.256899999999999906e+00
2.290200000000000014e+00
2.342499999999999805e+00
2.419500000000000206e+00
2.474400000000000155e+00
2.539000000000000146e+00
2.443499999999999783e+00
2.293899999999999828e+00
2.232200000000000184e+00
2.260699999999999932e+00
2.304600000000000204e+00
2.390800000000000036e+00
2.465899999999999981e+00
2.394699999999999829e+00
2.289699999999999847e+00
2.247700000000000031e+00
2.280299999999999994e+00
2.315399999999999903e+00
2.316500000000000004e+00
2.340100000000000069e+00
2.376300000000000079e+00
2.480700000000000127e+00
2.439200000000000035e+00
2.385899999999999910e+00
2.318099999999999827e+00
2.375000000000000000e+00
2.213799999999999990e+00
2.107000000000000206e+00
2.126500000000000057e+00
2.238599999999999923e+00
2.364700000000000024e+00
2.530800000000000161e+00
2.467099999999999849e+00
2.379500000000000171e+00
2.389899999999999913e+00
2.480900000000000105e+00
2.587499999999999911e+00
2.458000000000000185e+00
2.263500000000000068e+00
2.265299999999999869e+00
2.390200000000000102e+00
2.544200000000000017e+00
2.414099999999999913e+00
2.304699999999999971e+00
2.325800000000000090e+00
2.378000000000000114e+00
2.436900000000000066e+00
2.447200000000000042e+00
2.362000000000000099e+00
2.304300000000000015e+00
2.303900000000000059e+00
2.329400000000000137e+00
2.400100000000000122e+00
2.385099999999999998e+00
2.358999999999999986e+00
2.326000000000000068e+00
2.340399999999999814e+00
2.348599999999999799e+00
2.334200000000000053e+00
2.329600000000000115e+00
2.327799999999999869e+00
2.358400000000000052e+00
2.371700000000000141e+00
2.422899999999999832e+00
2.350200000000000067e+00
2.321400000000000130e+00
2.347100000000000186e+00
2.331300000000000150e+00
2.317099999999999937e+00
2.282500000000000195e+00
2.283999999999999808e+00
2.232800000000000118e+00
2.290399999999999991e+00
2.270099999999999785e+00
2.306000000000000050e+00
2.281200000000000117e+00
2.314999999999999947e+00
2.302400000000000002e+00
2.272899999999999920e+00
2.272499999999999964e+00
2.261099999999999888e+00
2.310900000000000176e+00
2.322299999999999809e+00
2.294200000000000017e+00
2.342600000000000016e+00
2.337600000000000122e+00
2.300800000000000178e+00
2.298099999999999810e+00
2.353400000000000158e+00
2.310599999999999987e+00
2.344399999999999817e+00
2.329800000000000093e+00
2.286000000000000032e+00
2.274700000000000166e+00
2.341200000000000170e+00
2.279999999999999805e+00
2.228099999999999969e+00
2.297499999999999876e+00
2.485500000000000043e+00
2.496399999999999952e+00
2.318299999999999805e+00
2.347700000000000120e+00
2.323399999999999910e+00
2.334499999999999797e+00
2.408700000000000063e+00
2.382299999999999862e+00
2.273000000000000131e+00
2.286000000000000032e+00
2.416199999999999903e+00
2.478499999999999925e+00
2.563099999999999934e+00
2.439200000000000035e+00
2.322900000000000187e+00
2.251900000000000013e+00
2.413300000000000001e+00
2.393499999999999961e+00
2.371700000000000141e+00
2.217499999999999805e+00
2.342699999999999783e+00
2.310500000000000220e+00
2.498699999999999921e+00
2.600600000000000023e+00
2.397899999999999920e+00
2.340899999999999981e+00
2.540999999999999925e+00
2.327999999999999847e+00
2.213000000000000078e+00
2.588200000000000056e+00
2.352899999999999991e+00
2.375999999999999890e+00
2.402499999999999858e+00
2.120699999999999807e+00
2.417100000000000026e+00
2.522600000000000176e+00
2.135699999999999932e+00
1.929599999999999982e+00
2.723700000000000010e+00
2.148899999999999810e+00
2.285200000000000120e+00
2.577900000000000080e+00
2.221999999999999975e+00
2.153700000000000170e+00
2.440700000000000092e+00
2.397200000000000220e+00
2.536999999999999922e+00
1.821299999999999919e+00
2.201499999999999790e+00
2.201400000000000023e+00
2.397699999999999942e+00
1.668299999999999894e+00
2.234700000000000131e+00
2.297000000000000153e+00
2.240899999999999892e+00
1.886100000000000110e+00
2.115699999999999914e+00
2.224000000000000199e+00
1.848500000000000032e+00
2.035000000000000142e+00
2.404900000000000038e+00
1.707600000000000007e+00
1.949500000000000011e+00
2.228499999999999925e+00
2.262700000000000156e+00
2.174399999999999888e+00
2.047699999999999854e+00
1.940900000000000070e+00
2.045799999999999841e+00
2.246199999999999974e+00
2.351999999999999869e+00
1.909499999999999975e+00
1.872900000000000009e+00
1.969000000000000083e+00
2.232699999999999907e+00
2.198599999999999888e+00
2.190199999999999925e+00
2.243500000000000050e+00
2.259199999999999875e+00
2.107400000000000162e+00
2.129399999999999959e+00
2.276400000000000201e+00
2.285200000000000120e+00
2.301699999999999857e+00
2.054600000000000204e+00
2.036700000000000177e+00
2.240699999999999914e+00
2.305899999999999839e+00
2.322900000000000187e+00
2.172200000000000131e+00
2.077199999999999935e+00
2.260800000000000143e+00
2.360700000000000021e+00
2.503400000000000070e+00
1.702199999999999935e+00
1.766599999999999948e+00
2.165500000000000203e+00
2.307300000000000129e+00
1.862999999999999989e+00
1.972900000000000098e+00
2.108699999999999797e+00
1.663300000000000001e+00
1.819299999999999917e+00
1.974299999999999944e+00
1.870900000000000007e+00
1.728799999999999892e+00
1.692199999999999926e+00
1.726099999999999968e+00
1.745800000000000018e+00
1.786000000000000032e+00
1.300100000000000033e+00
1.613599999999999923e+00
1.629000000000000004e+00
1.533700000000000063e+00
1.582100000000000062e+00
1.491800000000000015e+00
1.951500000000000012e+00
8.842999999999999750e-01
1.139000000000000012e+00
2.019699999999999829e+00
1.776200000000000001e+00
1.645899999999999919e+00
1.527099999999999902e+00
1.733500000000000041e+00
1.438600000000000101e+00
1.405599999999999961e+00
1.564999999999999947e+00
1.317099999999999937e+00
1.459300000000000042e+00
1.469200000000000061e+00
1.377299999999999969e+00
1.492499999999999938e+00
1.556000000000000050e+00
1.410700000000000065e+00
1.386900000000000022e+00
1.784200000000000008e+00
1.266899999999999915e+00
1.506299999999999972e+00
1.853499999999999925e+00
1.172299999999999898e+00
1.702499999999999902e+00
1.736499999999999932e+00
1.040799999999999947e+00
1.633499999999999952e+00
1.751700000000000035e+00
1.518699999999999939e+00
1.654500000000000082e+00
1.790599999999999969e+00
1.637000000000000011e+00
1.594200000000000061e+00
1.664299999999999891e+00
1.566799999999999971e+00
1.849900000000000100e+00
1.782699999999999951e+00
1.620400000000000063e+00
1.823399999999999910e+00
1.657499999999999973e+00
1.873599999999999932e+00
1.533500000000000085e+00
1.857499999999999929e+00
1.632400000000000073e+00
1.643899999999999917e+00
1.696299999999999919e+00
1.699999999999999956e+00
1.743200000000000083e+00
1.788999999999999924e+00
1.724800000000000111e+00
1.257200000000000095e+00
2.314200000000000035e+00
6.595999999999999641e-01
1.292699999999999960e+00
2.127299999999999969e+00
1.910400000000000098e+00
1.444900000000000073e+00
1.507300000000000084e+00
1.742699999999999916e+00
1.534000000000000030e+00
1.800400000000000000e+00
8.689999999999999947e-01
2.094500000000000028e+00
9.304999999999999938e-01
2.132400000000000073e+00
1.520299999999999985e+00
1.531600000000000072e+00
1.995500000000000052e+00
1.024100000000000010e+00
2.622599999999999820e+00
2.690000000000000169e-01
1.795400000000000107e+00
2.113599999999999923e+00
1.605299999999999949e+00
1.381199999999999983e+00
1.946800000000000086e+00
1.762799999999999923e+00
1.567600000000000104e+00
