1.746499999999999941e+00
2.068400000000000016e+00
2.233099999999999863e+00
2.379900000000000126e+00
2.434600000000000097e+00
2.498800000000000132e+00
2.668299999999999894e+00
2.627600000000000158e+00
2.685200000000000031e+00
2.797000000000000153e+00
2.654500000000000082e+00
2.804399999999999782e+00
2.882600000000000051e+00
2.765499999999999847e+00
2.846099999999999852e+00
3.058100000000000041e+00
3.130300000000000082e+00
3.177900000000000169e+00
3.215899999999999981e+00
3.296800000000000175e+00
3.241200000000000081e+00
3.296899999999999942e+00
3.274500000000000188e+00
3.393200000000000216e+00
3.372700000000000031e+00
3.320600000000000218e+00
3.288300000000000001e+00
3.441500000000000004e+00
3.597799999999999887e+00
3.703599999999999781e+00
3.538400000000000212e+00
3.627600000000000158e+00
3.695500000000000007e+00
3.666300000000000114e+00
3.901699999999999946e+00
3.964100000000000179e+00
3.978200000000000180e+00
3.848199999999999843e+00
3.975900000000000212e+00
4.100500000000000256e+00
3.969100000000000072e+00
3.999099999999999877e+00
4.150599999999999845e+00
4.105299999999999727e+00
4.152199999999999669e+00
4.236900000000000333e+00
4.400599999999999845e+00
4.279600000000000293e+00
4.303899999999999615e+00
4.353699999999999903e+00
4.334299999999999820e+00
4.322199999999999598e+00
4.426199999999999690e+00
4.274000000000000021e+00
4.309999999999999609e+00
4.379500000000000171e+00
4.573199999999999932e+00
4.729400000000000048e+00
4.733100000000000307e+00
4.510100000000000442e+00
4.501900000000000013e+00
4.702700000000000102e+00
4.698500000000000121e+00
4.557299999999999685e+00
4.765500000000000291e+00
4.856399999999999828e+00
4.703599999999999781e+00
4.715600000000000236e+00
4.920099999999999696e+00
4.889000000000000234e+00
4.980500000000000149e+00
4.945700000000000429e+00
5.001500000000000057e+00
5.114899999999999558e+00
5.044599999999999973e+00
5.241999999999999993e+00
4.986299999999999955e+00
5.131099999999999994e+00
5.358600000000000030e+00
5.326299999999999812e+00
5.398600000000000065e+00
5.341800000000000104e+00
5.253400000000000070e+00
5.371400000000000396e+00
5.277400000000000091e+00
5.368400000000000283e+00
5.497799999999999798e+00
5.526299999999999990e+00
5.396899999999999586e+00
5.218099999999999739e+00
5.546499999999999986e+00
5.602000000000000313e+00
5.449399999999999800e+00
5.423199999999999577e+00
5.576100000000000279e+00
5.565500000000000114e+00
5.572899999999999743e+00
5.620400000000000063e+00
5.608799999999999564e+00
5.573699999999999655e+00
5.476300000000000168e+00
5.700300000000000367e+00
5.851799999999999891e+00
5.820199999999999818e+00
5.711199999999999832e+00
5.670099999999999696e+00
5.811799999999999855e+00
5.940999999999999837e+00
5.827099999999999724e+00
6.133099999999999774e+00
6.120599999999999596e+00
6.159600000000000186e+00
6.205599999999999561e+00
6.150299999999999656e+00
6.168700000000000294e+00
6.255399999999999849e+00
6.136499999999999844e+00
6.002100000000000435e+00
6.124600000000000044e+00
6.025599999999999845e+00
6.001800000000000246e+00
6.037700000000000067e+00
6.115800000000000125e+00
5.940699999999999648e+00
5.841400000000000148e+00
5.959699999999999775e+00
5.828899999999999970e+00
6.009400000000000297e+00
6.105000000000000426e+00
6.057400000000000340e+00
6.070299999999999585e+00
5.996400000000000396e+00
5.891899999999999693e+00
5.842900000000000205e+00
5.953400000000000247e+00
5.986299999999999955e+00
5.987800000000000011e+00
6.023500000000000298e+00
5.954100000000000392e+00
6.025699999999999612e+00
6.084200000000000053e+00
6.043000000000000149e+00
5.971099999999999852e+00
6.211899999999999977e+00
6.108399999999999608e+00
6.025699999999999612e+00
6.083700000000000330e+00
6.240899999999999892e+00
6.137699999999999712e+00
6.121100000000000207e+00
6.323900000000000077e+00
6.285400000000000098e+00
6.081299999999999706e+00
6.275400000000000311e+00
6.404600000000000293e+00
6.456999999999999851e+00
6.444300000000000139e+00
6.359799999999999898e+00
6.352100000000000080e+00
6.530800000000000161e+00
6.675799999999999734e+00
6.461500000000000021e+00
6.361200000000000188e+00
6.520999999999999908e+00
6.517900000000000027e+00
6.405700000000000394e+00
6.463700000000000223e+00
6.218700000000000117e+00
6.463000000000000078e+00
6.628599999999999604e+00
6.435200000000000031e+00
6.246800000000000352e+00
6.647000000000000242e+00
6.382500000000000284e+00
6.363900000000000112e+00
6.879699999999999704e+00
6.691200000000000259e+00
6.664600000000000080e+00
6.394800000000000040e+00
6.335200000000000387e+00
6.200700000000000323e+00
6.166100000000000136e+00
6.368000000000000327e+00
5.905400000000000205e+00
6.074600000000000222e+00
6.223300000000000054e+00
6.220900000000000318e+00
5.742099999999999760e+00
6.014300000000000423e+00
6.479800000000000004e+00
6.142199999999999882e+00
5.961800000000000210e+00
6.183500000000000441e+00
5.892000000000000348e+00
6.017800000000000260e+00
6.245599999999999596e+00
6.375499999999999723e+00
6.130499999999999616e+00
5.836199999999999832e+00
6.420799999999999841e+00
6.349899999999999878e+00
6.328199999999999825e+00
6.376400000000000290e+00
6.249399999999999622e+00
6.631300000000000416e+00
6.494200000000000195e+00
6.252600000000000158e+00
6.604300000000000281e+00
6.587699999999999889e+00
6.634400000000000297e+00
6.659200000000000230e+00
6.748499999999999943e+00
6.694099999999999717e+00
6.834299999999999820e+00
6.843899999999999650e+00
6.909900000000000375e+00
6.879900000000000126e+00
6.969400000000000261e+00
7.027800000000000047e+00
7.152400000000000091e+00
7.066799999999999748e+00
6.982199999999999740e+00
7.167300000000000004e+00
7.116699999999999804e+00
6.825700000000000323e+00
6.723099999999999632e+00
6.572600000000000442e+00
6.794999999999999929e+00
6.744699999999999918e+00
6.593600000000000350e+00
6.542699999999999960e+00
6.549400000000000333e+00
6.437500000000000000e+00
6.432999999999999829e+00
6.355299999999999727e+00
6.266099999999999781e+00
6.329699999999999882e+00
6.457799999999999763e+00
6.357999999999999652e+00
6.297200000000000131e+00
6.281699999999999839e+00
6.276500000000000412e+00
6.364300000000000068e+00
6.455899999999999750e+00
6.441499999999999559e+00
6.413800000000000168e+00
6.177999999999999936e+00
6.424900000000000055e+00
6.554100000000000037e+00
6.639100000000000001e+00
6.634199999999999875e+00
6.578800000000000203e+00
6.601499999999999702e+00
6.681600000000000428e+00
6.793199999999999683e+00
6.728600000000000136e+00
6.646399999999999864e+00
6.746699999999999697e+00
6.641899999999999693e+00
6.378099999999999881e+00
6.584399999999999586e+00
6.803099999999999703e+00
6.756899999999999906e+00
6.696900000000000297e+00
6.849800000000000111e+00
6.791800000000000281e+00
6.699600000000000222e+00
6.714000000000000412e+00
6.831199999999999939e+00
6.904899999999999594e+00
6.932199999999999918e+00
6.875099999999999767e+00
7.027599999999999625e+00
6.954299999999999926e+00
7.105800000000000338e+00
7.187199999999999811e+00
6.835300000000000153e+00
7.057599999999999874e+00
7.149700000000000166e+00
7.128300000000000303e+00
7.052399999999999558e+00
6.828800000000000203e+00
7.043700000000000294e+00
6.880200000000000315e+00
6.823100000000000165e+00
6.604899999999999771e+00
6.823599999999999888e+00
7.007699999999999818e+00
6.946100000000000385e+00
6.684499999999999886e+00
6.653699999999999726e+00
6.759400000000000297e+00
6.802900000000000169e+00
6.448999999999999844e+00
6.833899999999999864e+00
6.804299999999999571e+00
6.374699999999999811e+00
6.568100000000000271e+00
6.805699999999999861e+00
6.394599999999999618e+00
6.637199999999999989e+00
6.765600000000000058e+00
6.759999999999999787e+00
6.651299999999999990e+00
6.628999999999999559e+00
6.519899999999999807e+00
6.613699999999999690e+00
6.850399999999999601e+00
6.509699999999999598e+00
6.527599999999999625e+00
6.874100000000000321e+00
6.777800000000000047e+00
6.293999999999999595e+00
6.624500000000000277e+00
6.680699999999999861e+00
6.822499999999999787e+00
6.644999999999999574e+00
6.784099999999999575e+00
6.800900000000000389e+00
6.671700000000000408e+00
6.612300000000000288e+00
6.072400000000000020e+00
6.951100000000000279e+00
7.107099999999999973e+00
6.810399999999999565e+00
6.376400000000000290e+00
6.634000000000000341e+00
6.835700000000000109e+00
6.634900000000000020e+00
6.465600000000000236e+00
6.429400000000000226e+00
6.640600000000000058e+00
6.579900000000000304e+00
6.489600000000000257e+00
6.368900000000000006e+00
6.567199999999999704e+00
6.677500000000000213e+00
6.585099999999999731e+00
6.436799999999999855e+00
6.394000000000000128e+00
6.642100000000000115e+00
6.766399999999999970e+00
6.598799999999999777e+00
6.847599999999999909e+00
6.985999999999999766e+00
6.993900000000000006e+00
7.079399999999999693e+00
7.087799999999999656e+00
7.050399999999999778e+00
7.056700000000000195e+00
6.812599999999999767e+00
6.968200000000000394e+00
7.102699999999999569e+00
7.052800000000000402e+00
6.771300000000000097e+00
6.940699999999999648e+00
7.060200000000000031e+00
7.141300000000000203e+00
7.087600000000000122e+00
7.103699999999999903e+00
7.320999999999999730e+00
7.232300000000000395e+00
7.037799999999999834e+00
7.111900000000000333e+00
7.046000000000000263e+00
6.893699999999999939e+00
6.643099999999999561e+00
6.659500000000000419e+00
6.830400000000000027e+00
6.755200000000000315e+00
6.740700000000000358e+00
6.740800000000000125e+00
6.541400000000000325e+00
6.489099999999999646e+00
6.825300000000000367e+00
6.617399999999999949e+00
6.607499999999999929e+00
6.744699999999999918e+00
6.835099999999999731e+00
6.705799999999999983e+00
6.128400000000000070e+00
6.370599999999999596e+00
6.517800000000000260e+00
6.578999999999999737e+00
6.527599999999999625e+00
6.394199999999999662e+00
6.472900000000000098e+00
6.482000000000000206e+00
6.353900000000000325e+00
5.489099999999999646e+00
6.580599999999999561e+00
7.028999999999999915e+00
6.732499999999999929e+00
6.024099999999999788e+00
6.158299999999999663e+00
6.860800000000000232e+00
6.847800000000000331e+00
6.082300000000000040e+00
6.008300000000000196e+00
6.968600000000000350e+00
6.389899999999999913e+00
5.462900000000000311e+00
6.587100000000000399e+00
7.074399999999999800e+00
6.272400000000000198e+00
6.293199999999999683e+00
6.245099999999999874e+00
6.367700000000000138e+00
6.455000000000000071e+00
6.562299999999999578e+00
6.625600000000000378e+00
6.197700000000000209e+00
6.145599999999999952e+00
6.122099999999999653e+00
6.449200000000000266e+00
5.202200000000000379e+00
6.060100000000000264e+00
6.631000000000000227e+00
6.615899999999999892e+00
6.674400000000000333e+00
5.978799999999999670e+00
6.048899999999999721e+00
5.931000000000000050e+00
6.456999999999999851e+00
7.003899999999999793e+00
5.825800000000000090e+00
6.025500000000000078e+00
6.630099999999999660e+00
5.181300000000000239e+00
5.946299999999999919e+00
6.707099999999999618e+00
6.375300000000000189e+00
5.989200000000000301e+00
6.426599999999999646e+00
6.512400000000000411e+00
6.794999999999999929e+00
4.866200000000000081e+00
5.815299999999999692e+00
6.588700000000000223e+00
6.392000000000000348e+00
5.833700000000000330e+00
6.778800000000000381e+00
7.693100000000000271e+00
6.577700000000000102e+00
6.278500000000000192e+00
5.025699999999999612e+00
8.872500000000000497e+00
8.023099999999999454e+00
6.025800000000000267e+00
5.692899999999999849e+00
6.264800000000000146e+00
7.113699999999999690e+00
6.621400000000000396e+00
5.259500000000000064e+00
7.812299999999999578e+00
5.793099999999999916e+00
4.822199999999999598e+00
1.016499999999999915e+01
6.650000000000000355e-01
2.374259999999999948e+01
1.942040000000000077e+01
1.696460000000000079e+01
1.364869999999999983e+01
1.014659999999999940e+01
8.077400000000000801e+00
5.437599999999999767e+00
7.134800000000000253e+00
8.080799999999999983e+00
5.416999999999999815e+00
4.785099999999999909e+00
5.943399999999999572e+00
5.488500000000000156e+00
4.700999999999999623e+00
4.691200000000000259e+00
5.551899999999999835e+00
4.858699999999999797e+00
4.837900000000000311e+00
5.122600000000000264e+00
6.532499999999999751e+00
2.110300000000000065e+00
1.372330000000000005e+01
8.020699999999999719e+00
5.515399999999999636e+00
6.057400000000000340e+00
5.812999999999999723e+00
5.795499999999999652e+00
5.469100000000000072e+00
5.594999999999999751e+00
5.357899999999999885e+00
4.636599999999999611e+00
5.313600000000000101e+00
4.946799999999999642e+00
3.846000000000000085e+00
5.473900000000000432e+00
4.966099999999999959e+00
4.604400000000000048e+00
4.752299999999999969e+00
5.071500000000000341e+00
3.853600000000000136e+00
5.197600000000000442e+00
5.161200000000000010e+00
4.390900000000000247e+00
5.058200000000000252e+00
4.948199999999999932e+00
4.506199999999999761e+00
4.681300000000000239e+00
5.249900000000000233e+00
4.932400000000000340e+00
4.612599999999999589e+00
4.481700000000000017e+00
5.049299999999999677e+00
4.778200000000000003e+00
5.363800000000000345e+00
5.330599999999999561e+00
4.468399999999999928e+00
5.547100000000000364e+00
5.628099999999999881e+00
4.935900000000000176e+00
4.712100000000000399e+00
5.481399999999999828e+00
5.542600000000000193e+00
4.696699999999999875e+00
5.886400000000000077e+00
5.976399999999999935e+00
4.579100000000000392e+00
5.505600000000000271e+00
5.688200000000000145e+00
4.113999999999999879e+00
6.379199999999999982e+00
5.803600000000000314e+00
4.032199999999999562e+00
7.396799999999999820e+00
4.941399999999999793e+00
4.365899999999999892e+00
5.900400000000000311e+00
5.493299999999999628e+00
4.321399999999999686e+00
4.871299999999999741e+00
4.735199999999999854e+00
5.030800000000000161e+00
3.870800000000000018e+00
7.376999999999999780e+00
3.888900000000000023e+00
4.133099999999999774e+00
7.019899999999999807e+00
6.826600000000000001e+00
5.381700000000000372e+00
5.033400000000000318e+00
5.467500000000000249e+00
4.886000000000000121e+00
4.491500000000000270e+00
6.180399999999999672e+00
2.863300000000000178e+00
1.065900000000000070e+01
2.397899999999999920e+00
9.973100000000000520e+00
1.167459999999999987e+01
9.685900000000000176e+00
7.576100000000000279e+00
5.859399999999999942e+00
5.128199999999999648e+00
5.733600000000000030e+00
5.847900000000000098e+00
5.266600000000000392e+00
4.980500000000000149e+00
5.187100000000000044e+00
4.493199999999999861e+00
5.171199999999999797e+00
5.332900000000000418e+00
4.949699999999999989e+00
4.720100000000000406e+00
4.854899999999999771e+00
4.850900000000000212e+00
4.564700000000000202e+00
4.701800000000000423e+00
4.823299999999999699e+00
5.206000000000000405e+00
5.284200000000000230e+00
5.073599999999999888e+00
4.727500000000000036e+00
5.423600000000000421e+00
5.248599999999999710e+00
4.746900000000000119e+00
5.796199999999999797e+00
4.865000000000000213e+00
5.087100000000000399e+00
7.509500000000000064e+00
5.806199999999999584e+00
4.578299999999999592e+00
5.636599999999999611e+00
5.775800000000000267e+00
5.313500000000000334e+00
4.503300000000000303e+00
6.372700000000000031e+00
4.224099999999999966e+00
5.938699999999999868e+00
5.737199999999999633e+00
5.009299999999999642e+00
6.565800000000000303e+00
5.314199999999999591e+00
4.666199999999999903e+00
7.642400000000000304e+00
5.873800000000000132e+00
4.361600000000000144e+00
5.666199999999999903e+00
5.905199999999999783e+00
5.103200000000000180e+00
5.043700000000000294e+00
5.840499999999999581e+00
4.975299999999999834e+00
5.364899999999999558e+00
5.264599999999999724e+00
5.211299999999999599e+00
5.302599999999999980e+00
5.270800000000000374e+00
5.257799999999999585e+00
5.417900000000000382e+00
4.928499999999999659e+00
5.749500000000000277e+00
5.668400000000000105e+00
5.079799999999999649e+00
4.531900000000000261e+00
5.884999999999999787e+00
6.154099999999999682e+00
5.532099999999999795e+00
4.671999999999999709e+00
6.103600000000000136e+00
6.361699999999999910e+00
5.408299999999999663e+00
4.685900000000000176e+00
5.935200000000000031e+00
5.717399999999999594e+00
5.133099999999999774e+00
5.900500000000000078e+00
6.014499999999999957e+00
5.887400000000000411e+00
5.071600000000000108e+00
5.366500000000000270e+00
5.841000000000000192e+00
5.998599999999999710e+00
5.184999999999999609e+00
4.991799999999999571e+00
5.797500000000000320e+00
5.848799999999999777e+00
5.759000000000000341e+00
5.626100000000000101e+00
5.359700000000000131e+00
5.675600000000000200e+00
5.525100000000000122e+00
5.221700000000000230e+00
5.715700000000000003e+00
5.180399999999999672e+00
5.135399999999999743e+00
5.890600000000000058e+00
6.251599999999999824e+00
5.361600000000000144e+00
5.541100000000000136e+00
6.411999999999999922e+00
6.256099999999999994e+00
5.647100000000000009e+00
5.514100000000000001e+00
6.092100000000000293e+00
6.099800000000000111e+00
5.034699999999999953e+00
5.760699999999999932e+00
5.671299999999999564e+00
5.666800000000000281e+00
5.806099999999999817e+00
5.845799999999999663e+00
5.770599999999999952e+00
5.656200000000000117e+00
5.900299999999999656e+00
5.793800000000000061e+00
5.806499999999999773e+00
5.838000000000000078e+00
6.141000000000000014e+00
6.015200000000000102e+00
5.653699999999999726e+00
5.437500000000000000e+00
5.611699999999999910e+00
5.939600000000000435e+00
6.183099999999999596e+00
5.955099999999999838e+00
5.618299999999999628e+00
5.689600000000000435e+00
6.066399999999999793e+00
5.752299999999999969e+00
5.727800000000000225e+00
5.793199999999999683e+00
4.993500000000000050e+00
6.562000000000000277e+00
6.861600000000000144e+00
5.987099999999999866e+00
5.549000000000000377e+00
6.035000000000000142e+00
6.138700000000000045e+00
5.392900000000000027e+00
5.007100000000000328e+00
6.777700000000000280e+00
6.554499999999999993e+00
5.760100000000000442e+00
5.368900000000000006e+00
5.663199999999999790e+00
5.955000000000000071e+00
5.447300000000000253e+00
4.594000000000000306e+00
6.083099999999999952e+00
6.418400000000000105e+00
6.214900000000000091e+00
5.861799999999999677e+00
4.810800000000000409e+00
5.369900000000000340e+00
5.695899999999999963e+00
5.560599999999999987e+00
5.807100000000000151e+00
5.766200000000000436e+00
5.449499999999999567e+00
5.461299999999999599e+00
4.910300000000000331e+00
5.693699999999999761e+00
5.792600000000000193e+00
5.216499999999999915e+00
5.605199999999999960e+00
5.429599999999999760e+00
5.105100000000000193e+00
5.626400000000000290e+00
5.956199999999999939e+00
5.939499999999999780e+00
5.422900000000000276e+00
4.932900000000000063e+00
6.078500000000000014e+00
6.424900000000000055e+00
5.704600000000000115e+00
5.524600000000000399e+00
5.887199999999999989e+00
5.882699999999999818e+00
5.738000000000000433e+00
5.594599999999999795e+00
6.195199999999999818e+00
5.859499999999999709e+00
5.655100000000000016e+00
5.802100000000000257e+00
6.613100000000000200e+00
6.485299999999999621e+00
5.895699999999999719e+00
6.932800000000000296e+00
6.790799999999999947e+00
5.577899999999999636e+00
5.827600000000000335e+00
6.483299999999999841e+00
6.342699999999999783e+00
6.005799999999999805e+00
5.825800000000000090e+00
5.784399999999999764e+00
5.672799999999999621e+00
5.485100000000000087e+00
5.780300000000000438e+00
6.128899999999999793e+00
6.229300000000000281e+00
5.951999999999999957e+00
5.624900000000000233e+00
5.700300000000000367e+00
5.824300000000000033e+00
5.917799999999999727e+00
5.639599999999999724e+00
5.912300000000000111e+00
5.935999999999999943e+00
4.998300000000000409e+00
5.476200000000000401e+00
6.172299999999999898e+00
6.277300000000000324e+00
6.091499999999999915e+00
5.855100000000000193e+00
5.414100000000000357e+00
5.325899999999999856e+00
5.733799999999999564e+00
5.825800000000000090e+00
4.846700000000000230e+00
4.777800000000000047e+00
5.471599999999999575e+00
5.442099999999999937e+00
5.043400000000000105e+00
5.399000000000000021e+00
5.933900000000000396e+00
6.007699999999999818e+00
5.599700000000000344e+00
5.405899999999999928e+00
5.257399999999999629e+00
5.375200000000000422e+00
5.645199999999999996e+00
5.482899999999999885e+00
4.805600000000000094e+00
5.026299999999999990e+00
6.095299999999999940e+00
6.521399999999999864e+00
6.427500000000000213e+00
5.836999999999999744e+00
4.840700000000000003e+00
6.064899999999999736e+00
6.062199999999999811e+00
6.158599999999999852e+00
6.218799999999999883e+00
6.065100000000000158e+00
6.034799999999999720e+00
6.111399999999999721e+00
5.866799999999999571e+00
5.185299999999999798e+00
6.345600000000000129e+00
6.304000000000000270e+00
5.950099999999999945e+00
5.112099999999999866e+00
5.314499999999999780e+00
5.779300000000000104e+00
6.170099999999999696e+00
5.822300000000000253e+00
4.798499999999999766e+00
5.132200000000000095e+00
5.838700000000000223e+00
5.397999999999999687e+00
5.163700000000000401e+00
5.699200000000000266e+00
5.428200000000000358e+00
5.309199999999999697e+00
5.543499999999999872e+00
5.236699999999999910e+00
5.843700000000000117e+00
6.170200000000000351e+00
5.945100000000000051e+00
5.686399999999999899e+00
5.690400000000000347e+00
5.816499999999999559e+00
5.914100000000000357e+00
6.111699999999999910e+00
6.310200000000000031e+00
5.926700000000000301e+00
5.800399999999999778e+00
5.421700000000000408e+00
6.112199999999999633e+00
6.279499999999999638e+00
5.916900000000000048e+00
5.642800000000000260e+00
5.526699999999999946e+00
5.994500000000000384e+00
6.056700000000000195e+00
5.854000000000000092e+00
4.920099999999999696e+00
6.471199999999999619e+00
6.652999999999999581e+00
6.060200000000000031e+00
5.007600000000000051e+00
5.627399999999999736e+00
6.240300000000000402e+00
5.616200000000000081e+00
5.606300000000000061e+00
3.629199999999999982e+00
7.059000000000000163e+00
7.482099999999999973e+00
6.228200000000000180e+00
4.981900000000000439e+00
5.771700000000000053e+00
6.140100000000000335e+00
5.567099999999999937e+00
3.912500000000000089e+00
7.560100000000000264e+00
5.551099999999999923e+00
4.430900000000000283e+00
7.020699999999999719e+00
6.517999999999999794e+00
3.778900000000000148e+00
1.064990000000000059e+01
5.118800000000000239e+00
3.705700000000000216e+00
1.103299999999999947e+01
1.170049999999999990e+01
7.570800000000000196e+00
4.653500000000000192e+00
5.922900000000000276e+00
6.776099999999999568e+00
5.619600000000000151e+00
5.458700000000000330e+00
4.201699999999999768e+00
5.607099999999999973e+00
5.514499999999999957e+00
4.203199999999999825e+00
4.494299999999999962e+00
4.692199999999999704e+00
4.938100000000000378e+00
4.769300000000000317e+00
1.420700000000000074e+00
1.519749999999999979e+01
4.800600000000000200e+00
2.728899999999999881e+00
7.115800000000000125e+00
7.665499999999999758e+00
5.307900000000000063e+00
3.515800000000000036e+00
4.889999999999999680e+00
5.597800000000000331e+00
5.847599999999999909e+00
4.856399999999999828e+00
4.508600000000000385e+00
4.855800000000000338e+00
5.188200000000000145e+00
4.381599999999999717e+00
4.227400000000000269e+00
5.357800000000000118e+00
4.995000000000000107e+00
3.395599999999999952e+00
4.544800000000000395e+00
3.986800000000000122e+00
3.442499999999999893e+00
4.680799999999999628e+00
4.667600000000000193e+00
3.869600000000000151e+00
4.884100000000000108e+00
4.510799999999999699e+00
3.573100000000000165e+00
3.658999999999999808e+00
4.381199999999999761e+00
4.702300000000000146e+00
4.358600000000000030e+00
4.147999999999999687e+00
3.808899999999999952e+00
4.864399999999999835e+00
3.896700000000000053e+00
4.424100000000000144e+00
4.806000000000000050e+00
4.577499999999999680e+00
4.196200000000000152e+00
4.585300000000000153e+00
4.148799999999999599e+00
4.320599999999999774e+00
5.048399999999999999e+00
3.809299999999999908e+00
3.807799999999999851e+00
5.352500000000000036e+00
3.308399999999999785e+00
5.081500000000000128e+00
3.246700000000000141e+00
7.434099999999999930e+00
2.109999999999999876e+00
7.264999999999999680e+00
6.329600000000000115e+00
4.832399999999999807e+00
4.887599999999999945e+00
4.924199999999999910e+00
2.791700000000000070e+00
1.276260000000000083e+01
9.663000000000000478e-01
8.075499999999999901e+00
7.445599999999999774e+00
3.852599999999999802e+00
4.743900000000000006e+00
4.492399999999999949e+00
3.924300000000000122e+00
3.246900000000000119e+00
4.999900000000000233e+00
3.778000000000000025e+00
3.379599999999999937e+00
4.871100000000000207e+00
4.625799999999999912e+00
3.494099999999999984e+00
4.590200000000000280e+00
4.220200000000000173e+00
2.655100000000000016e+00
4.530999999999999694e+00
4.096099999999999852e+00
3.653300000000000214e+00
3.043499999999999872e+00
4.111100000000000421e+00
3.161999999999999922e+00
5.001699999999999591e+00
2.557700000000000085e+00
3.771799999999999820e+00
6.014300000000000423e+00
2.413100000000000023e+00
5.919800000000000395e+00
5.327600000000000335e+00
2.969300000000000050e+00
5.353500000000000369e+00
5.586400000000000254e+00
2.369299999999999962e+00
9.093799999999999883e+00
2.496599999999999930e+00
7.165199999999999569e+00
5.431400000000000006e+00
3.431099999999999817e+00
6.347299999999999720e+00
5.606700000000000017e+00
4.387900000000000134e+00
4.040600000000000414e+00
4.412600000000000300e+00
4.462900000000000311e+00
3.199500000000000011e+00
4.518399999999999750e+00
4.464000000000000412e+00
4.200300000000000367e+00
3.786300000000000221e+00
5.474199999999999733e+00
4.307299999999999685e+00
3.415799999999999947e+00
6.716199999999999726e+00
5.034200000000000230e+00
2.967799999999999994e+00
7.299900000000000055e+00
5.604599999999999582e+00
3.311700000000000088e+00
7.176199999999999690e+00
4.977899999999999991e+00
3.570500000000000007e+00
6.428899999999999615e+00
5.157499999999999751e+00
3.989100000000000090e+00
4.707900000000000418e+00
4.726899999999999658e+00
4.654899999999999594e+00
4.313500000000000334e+00
4.748099999999999987e+00
4.504999999999999893e+00
4.169100000000000250e+00
5.053200000000000358e+00
3.818299999999999805e+00
5.919500000000000206e+00
3.320300000000000029e+00
8.162399999999999878e+00
5.313900000000000290e+00
3.283300000000000107e+00
7.437199999999999811e+00
7.089999999999999858e+00
4.405199999999999783e+00
5.663199999999999790e+00
4.833000000000000185e+00
4.355800000000000338e+00
5.102000000000000313e+00
4.341499999999999915e+00
5.125000000000000000e+00
4.672699999999999854e+00
4.786800000000000388e+00
4.160700000000000287e+00
6.002399999999999736e+00
4.783100000000000129e+00
3.804100000000000037e+00
6.048899999999999721e+00
4.914299999999999891e+00
4.155899999999999928e+00
5.700000000000000178e+00
3.945800000000000196e+00
4.687400000000000233e+00
5.723600000000000243e+00
2.493500000000000050e+00
9.178300000000000125e+00
4.387900000000000134e+00
3.326799999999999979e+00
7.008099999999999774e+00
6.308399999999999785e+00
4.775199999999999889e+00
4.746500000000000163e+00
5.391899999999999693e+00
4.333499999999999908e+00
4.718600000000000350e+00
5.291299999999999670e+00
4.674699999999999633e+00
5.058600000000000207e+00
5.074099999999999611e+00
5.066600000000000215e+00
4.529099999999999682e+00
5.294200000000000017e+00
4.686799999999999855e+00
4.973099999999999632e+00
4.912099999999999689e+00
4.084800000000000431e+00
6.217200000000000060e+00
4.804199999999999804e+00
4.251299999999999635e+00
5.626500000000000057e+00
5.138200000000000323e+00
4.048199999999999577e+00
6.129900000000000126e+00
5.363599999999999923e+00
4.360400000000000276e+00
5.079799999999999649e+00
5.826800000000000423e+00
4.496900000000000119e+00
6.709800000000000431e+00
5.465499999999999581e+00
4.388300000000000090e+00
6.984499999999999709e+00
6.686600000000000321e+00
3.782000000000000028e+00
8.531900000000000261e+00
6.770500000000000185e+00
4.345799999999999663e+00
7.652700000000000280e+00
6.953899999999999970e+00
4.949799999999999756e+00
5.092699999999999783e+00
6.931000000000000050e+00
5.949200000000000266e+00
5.081199999999999939e+00
5.563600000000000101e+00
5.213700000000000223e+00
5.195400000000000240e+00
4.052100000000000257e+00
6.147199999999999775e+00
5.692300000000000360e+00
4.625300000000000189e+00
5.208099999999999952e+00
5.027300000000000324e+00
4.793800000000000061e+00
5.338499999999999801e+00
5.745300000000000296e+00
4.099099999999999966e+00
6.871000000000000441e+00
5.666400000000000325e+00
4.263399999999999856e+00
6.164399999999999658e+00
6.135900000000000354e+00
5.262800000000000367e+00
5.069300000000000139e+00
5.229599999999999582e+00
5.266499999999999737e+00
5.191699999999999982e+00
3.729600000000000026e+00
8.484799999999999898e+00
5.772599999999999731e+00
4.522899999999999920e+00
5.984099999999999753e+00
6.083899999999999864e+00
5.342800000000000438e+00
5.143799999999999706e+00
5.915300000000000225e+00
4.955499999999999794e+00
5.366799999999999571e+00
5.677900000000000169e+00
5.190100000000000158e+00
4.975999999999999979e+00
5.316099999999999604e+00
5.583400000000000141e+00
5.147300000000000431e+00
4.943299999999999805e+00
5.101200000000000401e+00
4.981700000000000017e+00
5.270800000000000374e+00
4.855599999999999916e+00
5.416900000000000048e+00
4.636199999999999655e+00
4.713000000000000078e+00
5.606200000000000294e+00
5.797299999999999898e+00
4.926599999999999646e+00
5.150199999999999889e+00
5.666699999999999626e+00
4.691200000000000259e+00
6.027300000000000324e+00
5.204200000000000159e+00
5.482899999999999885e+00
5.825199999999999712e+00
5.480599999999999916e+00
5.354599999999999582e+00
5.762299999999999756e+00
5.897000000000000242e+00
5.159299999999999997e+00
4.683900000000000396e+00
5.971000000000000085e+00
5.863699999999999690e+00
5.261599999999999611e+00
5.379900000000000126e+00
5.320100000000000051e+00
5.569200000000000372e+00
5.511300000000000310e+00
5.154799999999999827e+00
5.768600000000000172e+00
5.338899999999999757e+00
5.630700000000000038e+00
5.433699999999999974e+00
5.493999999999999773e+00
5.413899999999999935e+00
5.363000000000000433e+00
5.182800000000000296e+00
5.715200000000000280e+00
5.464999999999999858e+00
5.172200000000000131e+00
5.305500000000000327e+00
4.832300000000000040e+00
5.716499999999999915e+00
5.744100000000000428e+00
4.873499999999999943e+00
6.025199999999999889e+00
6.154099999999999682e+00
4.476899999999999658e+00
5.874600000000000044e+00
5.345699999999999896e+00
4.690999999999999837e+00
6.459399999999999586e+00
5.968300000000000161e+00
5.030400000000000205e+00
5.482099999999999973e+00
5.576999999999999957e+00
5.610000000000000320e+00
4.980199999999999960e+00
5.772999999999999687e+00
5.690000000000000391e+00
5.388499999999999623e+00
5.820999999999999730e+00
5.986500000000000377e+00
5.140699999999999825e+00
6.245599999999999596e+00
5.735800000000000232e+00
5.859799999999999898e+00
5.948199999999999932e+00
6.102800000000000225e+00
5.857199999999999740e+00
5.959600000000000009e+00
6.073000000000000398e+00
5.795499999999999652e+00
5.721700000000000230e+00
6.559099999999999930e+00
6.346899999999999764e+00
5.764400000000000190e+00
6.177599999999999980e+00
6.567400000000000126e+00
5.781200000000000117e+00
6.854199999999999626e+00
6.460600000000000342e+00
6.009500000000000064e+00
6.982599999999999696e+00
6.419699999999999740e+00
5.823900000000000077e+00
7.142299999999999649e+00
6.554400000000000226e+00
5.833499999999999908e+00
6.584800000000000431e+00
6.636800000000000033e+00
5.761199999999999655e+00
6.059400000000000119e+00
6.468799999999999883e+00
6.227800000000000225e+00
5.872700000000000031e+00
6.269899999999999807e+00
5.100100000000000300e+00
7.860000000000000320e+00
6.369299999999999962e+00
4.651699999999999946e+00
8.574199999999999378e+00
8.597200000000000841e+00
6.723200000000000287e+00
4.481799999999999784e+00
8.527599999999999625e+00
8.374599999999999156e+00
5.678099999999999703e+00
