8.777000000000000357e-01
8.710999999999999854e-01
6.781000000000000361e-01
7.247000000000000108e-01
6.712000000000000188e-01
7.016000000000000014e-01
6.794999999999999929e-01
6.720000000000000417e-01
7.231999999999999540e-01
7.880000000000000338e-01
7.114000000000000323e-01
7.700000000000000178e-01
7.816999999999999504e-01
8.216999999999999860e-01
8.209999999999999520e-01
8.054000000000000048e-01
8.084000000000000075e-01
8.712999999999999634e-01
8.227999999999999758e-01
9.162000000000000144e-01
9.215999999999999748e-01
1.003400000000000070e+00
9.479999999999999538e-01
1.018999999999999906e+00
1.028499999999999970e+00
1.076500000000000012e+00
1.047199999999999909e+00
1.094500000000000028e+00
1.128400000000000070e+00
1.129699999999999926e+00
1.145399999999999974e+00
1.124300000000000077e+00
1.209300000000000042e+00
1.180099999999999927e+00
1.243999999999999995e+00
1.166199999999999903e+00
1.260199999999999987e+00
1.277900000000000036e+00
1.219799999999999995e+00
1.252399999999999958e+00
1.317399999999999904e+00
1.178299999999999903e+00
1.277500000000000080e+00
1.245600000000000041e+00
1.333599999999999897e+00
1.306599999999999984e+00
1.347900000000000098e+00
1.323900000000000077e+00
1.374600000000000044e+00
1.394700000000000051e+00
1.398200000000000109e+00
1.414500000000000091e+00
1.382600000000000051e+00
1.475200000000000067e+00
1.405499999999999972e+00
1.409699999999999953e+00
1.378400000000000070e+00
1.485000000000000098e+00
1.447500000000000009e+00
1.487999999999999989e+00
1.566500000000000004e+00
1.608700000000000019e+00
1.612900000000000000e+00
1.612200000000000077e+00
1.651999999999999913e+00
1.600400000000000045e+00
1.616300000000000070e+00
1.661200000000000010e+00
1.674500000000000099e+00
1.566400000000000015e+00
1.607900000000000107e+00
1.679200000000000026e+00
1.742599999999999927e+00
1.800599999999999978e+00
1.873099999999999987e+00
1.836300000000000043e+00
1.849499999999999922e+00
1.886400000000000077e+00
1.954700000000000104e+00
1.958800000000000097e+00
1.987500000000000044e+00
2.032799999999999940e+00
2.000300000000000189e+00
1.964399999999999924e+00
1.919699999999999962e+00
2.048299999999999788e+00
2.092099999999999849e+00
2.001999999999999780e+00
2.064799999999999969e+00
2.068400000000000016e+00
1.981500000000000039e+00
2.015600000000000058e+00
2.051600000000000090e+00
2.092999999999999972e+00
2.157399999999999984e+00
2.187800000000000189e+00
2.140200000000000102e+00
2.090300000000000047e+00
2.160400000000000098e+00
2.300499999999999989e+00
2.340599999999999792e+00
2.314999999999999947e+00
2.248299999999999965e+00
2.318900000000000183e+00
2.308699999999999974e+00
2.308499999999999996e+00
2.336100000000000065e+00
2.274999999999999911e+00
2.286099999999999799e+00
2.377499999999999947e+00
2.361400000000000166e+00
2.438699999999999868e+00
2.500199999999999978e+00
2.479800000000000004e+00
2.465800000000000214e+00
2.489500000000000046e+00
2.609300000000000175e+00
2.611000000000000210e+00
2.621500000000000163e+00
2.730599999999999916e+00
2.740600000000000147e+00
2.740099999999999980e+00
2.740000000000000213e+00
2.731799999999999784e+00
2.695199999999999818e+00
2.630700000000000038e+00
2.676699999999999857e+00
2.616600000000000037e+00
2.666199999999999903e+00
2.655400000000000205e+00
2.609900000000000109e+00
2.644400000000000084e+00
2.596799999999999997e+00
2.605500000000000149e+00
2.622399999999999842e+00
2.643200000000000216e+00
2.592400000000000038e+00
2.649799999999999933e+00
2.686799999999999855e+00
2.730999999999999872e+00
2.755999999999999783e+00
2.762300000000000200e+00
2.741200000000000081e+00
2.769699999999999829e+00
2.737899999999999778e+00
2.734100000000000197e+00
2.809699999999999864e+00
2.809600000000000097e+00
2.880900000000000016e+00
2.893699999999999939e+00
2.999099999999999877e+00
3.007499999999999840e+00
3.008700000000000152e+00
3.033300000000000107e+00
2.982699999999999907e+00
2.954400000000000137e+00
3.049799999999999844e+00
3.006899999999999906e+00
3.008999999999999897e+00
2.983699999999999797e+00
3.047600000000000087e+00
2.981899999999999995e+00
2.890400000000000080e+00
2.893299999999999983e+00
2.875300000000000189e+00
2.900199999999999889e+00
2.925100000000000033e+00
2.921400000000000219e+00
2.923799999999999955e+00
2.897600000000000176e+00
2.921199999999999797e+00
2.954600000000000115e+00
2.996199999999999974e+00
3.014499999999999957e+00
3.003800000000000026e+00
3.011299999999999866e+00
2.946600000000000108e+00
2.967900000000000205e+00
3.072299999999999809e+00
3.081500000000000128e+00
3.085799999999999876e+00
3.061500000000000110e+00
3.070899999999999963e+00
3.060599999999999987e+00
3.100900000000000212e+00
3.123200000000000198e+00
3.112200000000000077e+00
3.137799999999999923e+00
3.075699999999999878e+00
3.057599999999999874e+00
3.031600000000000072e+00
3.049399999999999888e+00
3.073900000000000077e+00
3.117700000000000138e+00
3.046899999999999942e+00
3.027400000000000091e+00
3.033900000000000041e+00
2.973100000000000076e+00
3.102300000000000058e+00
3.102899999999999991e+00
3.130700000000000038e+00
3.148099999999999898e+00
3.112200000000000077e+00
3.080400000000000027e+00
3.025100000000000122e+00
2.949899999999999967e+00
3.036599999999999966e+00
3.026899999999999924e+00
3.036999999999999922e+00
3.038400000000000212e+00
3.016700000000000159e+00
2.964100000000000179e+00
2.969199999999999839e+00
3.008300000000000196e+00
2.938600000000000101e+00
2.905499999999999972e+00
2.937199999999999811e+00
2.905899999999999928e+00
2.960599999999999898e+00
3.031400000000000095e+00
3.040799999999999947e+00
3.050800000000000178e+00
3.038300000000000001e+00
2.996100000000000207e+00
3.034800000000000164e+00
3.096400000000000041e+00
3.019200000000000106e+00
3.069799999999999862e+00
3.126300000000000079e+00
3.141399999999999970e+00
3.115499999999999936e+00
3.161999999999999922e+00
3.176000000000000156e+00
3.137000000000000011e+00
3.172400000000000109e+00
3.223899999999999988e+00
3.245899999999999785e+00
3.280100000000000016e+00
3.297600000000000087e+00
3.265299999999999869e+00
3.244299999999999962e+00
3.180800000000000072e+00
3.214700000000000113e+00
3.249000000000000110e+00
3.193799999999999972e+00
3.138700000000000045e+00
3.160600000000000076e+00
3.178900000000000059e+00
3.151499999999999968e+00
3.150100000000000122e+00
3.130500000000000060e+00
3.174700000000000077e+00
3.122599999999999820e+00
3.105700000000000127e+00
3.156899999999999817e+00
3.199300000000000033e+00
3.182399999999999896e+00
3.083600000000000119e+00
3.065999999999999837e+00
2.988399999999999945e+00
3.055800000000000072e+00
3.109799999999999898e+00
3.085500000000000131e+00
3.070899999999999963e+00
3.155100000000000016e+00
3.162300000000000111e+00
3.131499999999999950e+00
3.179100000000000037e+00
3.139100000000000001e+00
3.119699999999999918e+00
3.147800000000000153e+00
3.150300000000000100e+00
3.163100000000000023e+00
3.263100000000000112e+00
3.324699999999999989e+00
3.249600000000000044e+00
3.307300000000000129e+00
3.216499999999999915e+00
3.245400000000000063e+00
3.281099999999999905e+00
3.206799999999999873e+00
3.230500000000000149e+00
3.253499999999999837e+00
3.349299999999999944e+00
3.333800000000000097e+00
3.274500000000000188e+00
3.310200000000000031e+00
3.289299999999999891e+00
3.223399999999999821e+00
3.290700000000000180e+00
3.349499999999999922e+00
3.370400000000000063e+00
3.411000000000000032e+00
3.412900000000000045e+00
3.374400000000000066e+00
3.500500000000000167e+00
3.505399999999999849e+00
3.540799999999999947e+00
3.541700000000000070e+00
3.616099999999999870e+00
3.542300000000000004e+00
3.567899999999999849e+00
3.520300000000000207e+00
3.467999999999999972e+00
3.398200000000000109e+00
3.448700000000000099e+00
3.512100000000000222e+00
3.454899999999999860e+00
3.405400000000000205e+00
3.356599999999999806e+00
3.427000000000000046e+00
3.454000000000000181e+00
3.441800000000000193e+00
3.344800000000000217e+00
3.306400000000000006e+00
3.319300000000000139e+00
3.330400000000000027e+00
3.323300000000000143e+00
3.311300000000000132e+00
3.299500000000000099e+00
3.261400000000000077e+00
3.187600000000000211e+00
3.211399999999999810e+00
3.142100000000000115e+00
2.900199999999999889e+00
3.005900000000000016e+00
3.275799999999999823e+00
3.074699999999999989e+00
3.003400000000000070e+00
3.134900000000000020e+00
3.115899999999999892e+00
3.218900000000000095e+00
2.908199999999999896e+00
2.808800000000000185e+00
3.163300000000000001e+00
3.130999999999999783e+00
2.944300000000000139e+00
2.819399999999999906e+00
2.942299999999999915e+00
2.963099999999999845e+00
3.016300000000000203e+00
2.706700000000000106e+00
3.025999999999999801e+00
2.860599999999999810e+00
2.844599999999999795e+00
3.018600000000000172e+00
2.775399999999999867e+00
2.601799999999999891e+00
2.873400000000000176e+00
2.895399999999999974e+00
2.835100000000000176e+00
2.828300000000000036e+00
2.589500000000000135e+00
2.636699999999999822e+00
2.659400000000000208e+00
2.686100000000000154e+00
2.858400000000000052e+00
2.448799999999999866e+00
2.346699999999999786e+00
2.680000000000000160e+00
2.431400000000000006e+00
2.892500000000000071e+00
2.728099999999999969e+00
2.493900000000000006e+00
2.199800000000000200e+00
2.797800000000000065e+00
2.926800000000000068e+00
1.633699999999999930e+00
2.472100000000000186e+00
3.195199999999999818e+00
2.465700000000000003e+00
1.899199999999999999e+00
2.887999999999999901e+00
2.269200000000000106e+00
2.038300000000000001e+00
2.689999999999999947e+00
1.907499999999999973e+00
2.052700000000000191e+00
2.607899999999999885e+00
2.048500000000000210e+00
2.210700000000000109e+00
2.640800000000000036e+00
1.991200000000000081e+00
2.215599999999999792e+00
1.993800000000000017e+00
2.481899999999999995e+00
1.701100000000000056e+00
2.293099999999999916e+00
2.649599999999999955e+00
1.238599999999999923e+00
3.288400000000000212e+00
1.917699999999999960e+00
1.639499999999999957e+00
2.446400000000000130e+00
2.214700000000000113e+00
2.328599999999999781e+00
2.030400000000000205e+00
2.028799999999999937e+00
2.140800000000000036e+00
2.215899999999999981e+00
1.902199999999999891e+00
2.124800000000000022e+00
2.104999999999999982e+00
2.052599999999999980e+00
2.534800000000000164e+00
2.047800000000000065e+00
1.473799999999999999e+00
3.192299999999999915e+00
2.278700000000000170e+00
1.691400000000000015e+00
2.643499999999999961e+00
2.161700000000000177e+00
2.215300000000000047e+00
2.137199999999999989e+00
2.193000000000000060e+00
2.336899999999999977e+00
2.176299999999999901e+00
2.118100000000000094e+00
2.073300000000000143e+00
1.923699999999999966e+00
2.311799999999999855e+00
2.320500000000000007e+00
1.985800000000000010e+00
2.019600000000000062e+00
2.268200000000000216e+00
2.112800000000000011e+00
2.125999999999999890e+00
2.383300000000000196e+00
1.973600000000000021e+00
2.400599999999999845e+00
1.917000000000000037e+00
1.431000000000000050e+00
2.513700000000000045e+00
1.626400000000000068e+00
1.882600000000000051e+00
2.316800000000000193e+00
1.796799999999999953e+00
1.949100000000000055e+00
2.250900000000000123e+00
1.818400000000000016e+00
2.195899999999999963e+00
1.962299999999999933e+00
2.227100000000000080e+00
2.118599999999999817e+00
2.175800000000000178e+00
2.341299999999999937e+00
2.305899999999999839e+00
1.944800000000000084e+00
2.427799999999999958e+00
1.955500000000000016e+00
2.213900000000000201e+00
2.568700000000000205e+00
1.866700000000000026e+00
2.601799999999999891e+00
2.187300000000000022e+00
1.634700000000000042e+00
2.741699999999999804e+00
2.010299999999999976e+00
2.124800000000000022e+00
1.643399999999999972e+00
3.680499999999999883e+00
1.586100000000000065e+00
1.597099999999999964e+00
2.918699999999999850e+00
2.334200000000000053e+00
1.069399999999999906e+00
2.688400000000000123e+00
2.189400000000000013e+00
1.508699999999999930e+00
2.479999999999999982e+00
2.138999999999999790e+00
2.329000000000000181e+00
1.889699999999999935e+00
2.895500000000000185e+00
1.609499999999999931e+00
2.996199999999999974e+00
2.498299999999999965e+00
1.967000000000000082e+00
2.716499999999999915e+00
2.342799999999999994e+00
2.630199999999999871e+00
2.233900000000000219e+00
2.482800000000000118e+00
2.308300000000000018e+00
2.444500000000000117e+00
2.322900000000000187e+00
1.674299999999999899e+00
3.884199999999999875e+00
2.027000000000000135e+00
1.276000000000000023e+00
3.266399999999999970e+00
2.869299999999999962e+00
1.540799999999999947e+00
1.942800000000000082e+00
2.500500000000000167e+00
2.477100000000000080e+00
1.715000000000000080e+00
2.401199999999999779e+00
2.226999999999999869e+00
1.805399999999999894e+00
1.898700000000000054e+00
2.197999999999999954e+00
2.000900000000000123e+00
1.808799999999999963e+00
2.483200000000000074e+00
1.798899999999999944e+00
2.970099999999999962e+00
2.314400000000000013e+00
2.412500000000000089e+00
2.741299999999999848e+00
2.528200000000000003e+00
2.433100000000000041e+00
3.018400000000000194e+00
2.256499999999999950e+00
2.311500000000000110e+00
2.919200000000000017e+00
2.112600000000000033e+00
2.990899999999999892e+00
2.177299999999999791e+00
2.064999999999999947e+00
3.405400000000000205e+00
1.132700000000000040e+00
3.635200000000000209e+00
2.304699999999999971e+00
1.392700000000000049e+00
2.781499999999999861e+00
2.301000000000000156e+00
1.932500000000000107e+00
2.730500000000000149e+00
2.279700000000000060e+00
2.192699999999999871e+00
2.250100000000000211e+00
2.510400000000000187e+00
2.331500000000000128e+00
2.583400000000000141e+00
2.493799999999999795e+00
2.181799999999999962e+00
2.595899999999999874e+00
2.619800000000000129e+00
2.228000000000000203e+00
2.554199999999999804e+00
2.504000000000000004e+00
2.131400000000000183e+00
2.267500000000000071e+00
2.504599999999999937e+00
2.422899999999999832e+00
2.309400000000000119e+00
2.259900000000000020e+00
2.163100000000000023e+00
2.202900000000000080e+00
2.150399999999999867e+00
2.235300000000000065e+00
2.333200000000000163e+00
2.129000000000000004e+00
2.219700000000000006e+00
2.524700000000000166e+00
2.249499999999999833e+00
2.465700000000000003e+00
2.570199999999999818e+00
2.239900000000000002e+00
2.469100000000000072e+00
2.559000000000000163e+00
2.558199999999999807e+00
2.497500000000000053e+00
2.462099999999999955e+00
2.638199999999999878e+00
2.420999999999999819e+00
2.340899999999999981e+00
2.452900000000000080e+00
2.372399999999999842e+00
2.603899999999999881e+00
2.373099999999999987e+00
2.360500000000000043e+00
2.661799999999999944e+00
2.571499999999999897e+00
2.381600000000000161e+00
2.412900000000000045e+00
2.624299999999999855e+00
2.773299999999999876e+00
2.575499999999999901e+00
2.633399999999999963e+00
2.710300000000000153e+00
2.592099999999999849e+00
2.669500000000000206e+00
2.464999999999999858e+00
2.617199999999999971e+00
2.603299999999999947e+00
2.619800000000000129e+00
2.589799999999999880e+00
2.577300000000000146e+00
2.568900000000000183e+00
2.601799999999999891e+00
2.645099999999999785e+00
2.377899999999999903e+00
2.612800000000000011e+00
2.604699999999999793e+00
2.606399999999999828e+00
2.662199999999999900e+00
2.832899999999999974e+00
2.721200000000000063e+00
2.601300000000000168e+00
2.525999999999999801e+00
2.826099999999999834e+00
2.840100000000000069e+00
2.659400000000000208e+00
2.749899999999999789e+00
2.716400000000000148e+00
2.819199999999999928e+00
2.859700000000000131e+00
3.149599999999999955e+00
2.886299999999999866e+00
2.891300000000000203e+00
2.754500000000000171e+00
2.763700000000000045e+00
2.814900000000000180e+00
2.865600000000000147e+00
2.689799999999999969e+00
2.658999999999999808e+00
2.736099999999999977e+00
2.978600000000000136e+00
2.885099999999999998e+00
2.785499999999999865e+00
2.681099999999999817e+00
2.727199999999999847e+00
2.822900000000000187e+00
2.806000000000000050e+00
2.755199999999999871e+00
2.579000000000000181e+00
2.644299999999999873e+00
2.766099999999999781e+00
2.909499999999999975e+00
2.854099999999999859e+00
2.720899999999999874e+00
2.667899999999999938e+00
2.701900000000000190e+00
2.835199999999999942e+00
2.966299999999999937e+00
2.944700000000000095e+00
2.937199999999999811e+00
2.987800000000000011e+00
3.009399999999999853e+00
3.087000000000000188e+00
2.985500000000000043e+00
2.707399999999999807e+00
2.989599999999999813e+00
3.231700000000000017e+00
3.006600000000000161e+00
2.873499999999999943e+00
2.991200000000000081e+00
3.151899999999999924e+00
3.104900000000000215e+00
2.903900000000000148e+00
3.179199999999999804e+00
3.226599999999999913e+00
3.181099999999999817e+00
2.955299999999999816e+00
2.899399999999999977e+00
2.980399999999999938e+00
2.967799999999999994e+00
3.174199999999999910e+00
3.018400000000000194e+00
3.140699999999999825e+00
3.071499999999999897e+00
2.803900000000000059e+00
3.007800000000000029e+00
3.353200000000000180e+00
2.854699999999999793e+00
2.932799999999999851e+00
3.064799999999999969e+00
2.766599999999999948e+00
2.822599999999999998e+00
2.720400000000000151e+00
2.768699999999999939e+00
2.933600000000000207e+00
2.902600000000000069e+00
2.974699999999999900e+00
2.996300000000000185e+00
2.881299999999999972e+00
2.725499999999999812e+00
2.871100000000000207e+00
3.131899999999999906e+00
3.176699999999999857e+00
2.955499999999999794e+00
3.139800000000000146e+00
3.519699999999999829e+00
3.173200000000000021e+00
2.956799999999999873e+00
3.052700000000000191e+00
3.307900000000000063e+00
2.918000000000000149e+00
3.157500000000000195e+00
3.167199999999999793e+00
3.352399999999999824e+00
3.243799999999999795e+00
3.221799999999999997e+00
3.198700000000000099e+00
3.080900000000000194e+00
2.925300000000000011e+00
3.485300000000000065e+00
3.201000000000000068e+00
3.290700000000000180e+00
3.360799999999999788e+00
3.353299999999999947e+00
3.326000000000000068e+00
3.205900000000000194e+00
3.536000000000000032e+00
3.619600000000000151e+00
2.960599999999999898e+00
2.874800000000000022e+00
3.341600000000000126e+00
3.544200000000000017e+00
3.309499999999999886e+00
3.077399999999999913e+00
3.126799999999999802e+00
3.313499999999999890e+00
3.100400000000000045e+00
3.190199999999999925e+00
3.129900000000000126e+00
3.210100000000000176e+00
3.275599999999999845e+00
3.208600000000000119e+00
2.891999999999999904e+00
3.115200000000000191e+00
3.379000000000000004e+00
3.316100000000000048e+00
2.986800000000000122e+00
2.991099999999999870e+00
3.108499999999999819e+00
3.307199999999999918e+00
3.438299999999999912e+00
2.604999999999999982e+00
3.310400000000000009e+00
3.526400000000000201e+00
3.107899999999999885e+00
2.673200000000000021e+00
3.486400000000000166e+00
3.143299999999999983e+00
3.269800000000000040e+00
3.365699999999999914e+00
2.984599999999999920e+00
3.284199999999999786e+00
3.412599999999999856e+00
2.989199999999999857e+00
2.932799999999999851e+00
3.317000000000000171e+00
3.369000000000000217e+00
3.159400000000000208e+00
2.711399999999999810e+00
3.089399999999999924e+00
3.386200000000000099e+00
3.061100000000000154e+00
2.959099999999999842e+00
3.171400000000000219e+00
3.026899999999999924e+00
3.153999999999999915e+00
3.272699999999999942e+00
2.770900000000000141e+00
2.858400000000000052e+00
3.303199999999999914e+00
3.426400000000000112e+00
3.100099999999999856e+00
3.099499999999999922e+00
2.942099999999999937e+00
3.253400000000000070e+00
2.688800000000000079e+00
3.413400000000000212e+00
3.141500000000000181e+00
2.676899999999999835e+00
3.284400000000000208e+00
3.338299999999999823e+00
2.943599999999999994e+00
2.884999999999999787e+00
3.220099999999999962e+00
2.953199999999999825e+00
3.244099999999999984e+00
2.949500000000000011e+00
2.878000000000000114e+00
3.139600000000000168e+00
3.212400000000000144e+00
3.324600000000000222e+00
2.636800000000000033e+00
3.216200000000000170e+00
3.386400000000000077e+00
2.799500000000000099e+00
2.941199999999999815e+00
3.318099999999999827e+00
3.499600000000000044e+00
3.153799999999999937e+00
3.052599999999999980e+00
3.198999999999999844e+00
3.630100000000000104e+00
3.109399999999999942e+00
3.290700000000000180e+00
3.355399999999999938e+00
3.620400000000000063e+00
3.551499999999999879e+00
2.995000000000000107e+00
3.150399999999999867e+00
3.682599999999999874e+00
2.587899999999999867e+00
3.295300000000000118e+00
3.798299999999999788e+00
3.273600000000000065e+00
2.731799999999999784e+00
3.492700000000000138e+00
3.184899999999999842e+00
2.906600000000000072e+00
3.283599999999999852e+00
3.283199999999999896e+00
3.041599999999999859e+00
3.101399999999999935e+00
3.316399999999999793e+00
3.308199999999999807e+00
3.090599999999999792e+00
3.186799999999999855e+00
3.286700000000000177e+00
3.357600000000000140e+00
2.908799999999999830e+00
3.238300000000000178e+00
3.357200000000000184e+00
3.267500000000000071e+00
3.386000000000000121e+00
2.899599999999999955e+00
3.006400000000000183e+00
3.597700000000000120e+00
3.669799999999999951e+00
3.253099999999999881e+00
3.134799999999999809e+00
3.222700000000000120e+00
3.468199999999999950e+00
3.512399999999999967e+00
2.862099999999999866e+00
2.837000000000000188e+00
2.941800000000000193e+00
3.428399999999999892e+00
3.494499999999999940e+00
3.173399999999999999e+00
2.870699999999999807e+00
3.511800000000000033e+00
3.681999999999999940e+00
2.964799999999999880e+00
2.618199999999999861e+00
3.345600000000000129e+00
3.004300000000000193e+00
3.093999999999999861e+00
2.704699999999999882e+00
3.358000000000000096e+00
2.701799999999999979e+00
2.282200000000000006e+00
2.408399999999999874e+00
3.342200000000000060e+00
2.854699999999999793e+00
2.516799999999999926e+00
2.985899999999999999e+00
3.197000000000000064e+00
2.017199999999999882e+00
2.799999999999999822e+00
3.153200000000000003e+00
2.072499999999999787e+00
2.506400000000000183e+00
2.690500000000000114e+00
2.907799999999999940e+00
2.609700000000000131e+00
2.267999999999999794e+00
2.858800000000000008e+00
2.658700000000000063e+00
2.550100000000000033e+00
3.007000000000000117e+00
2.487800000000000011e+00
2.590199999999999836e+00
2.668200000000000127e+00
2.813800000000000079e+00
2.409899999999999931e+00
2.904399999999999871e+00
2.652400000000000091e+00
1.691000000000000059e+00
3.519499999999999851e+00
2.323900000000000077e+00
2.227500000000000036e+00
3.370299999999999851e+00
1.613499999999999934e+00
3.282700000000000173e+00
2.652200000000000113e+00
1.821700000000000097e+00
2.931299999999999795e+00
2.533599999999999852e+00
2.048399999999999999e+00
2.689799999999999969e+00
2.028000000000000025e+00
3.870499999999999829e+00
6.215000000000000524e-01
4.097599999999999909e+00
2.878699999999999815e+00
1.960199999999999942e+00
2.270000000000000018e+00
3.125199999999999978e+00
2.615400000000000169e+00
1.848899999999999988e+00
2.448300000000000143e+00
2.596299999999999830e+00
2.253899999999999793e+00
2.429699999999999971e+00
1.822000000000000064e+00
2.481300000000000061e+00
1.551199999999999912e+00
3.490200000000000191e+00
1.631499999999999950e+00
3.103299999999999947e+00
2.348100000000000076e+00
2.003699999999999815e+00
2.847500000000000142e+00
1.635199999999999987e+00
2.211599999999999788e+00
2.439099999999999824e+00
2.591499999999999915e+00
1.653499999999999970e+00
2.608200000000000074e+00
1.199699999999999989e+00
2.384700000000000042e+00
2.140299999999999869e+00
1.637899999999999912e+00
1.879899999999999904e+00
1.395000000000000018e+00
1.909499999999999975e+00
2.196299999999999919e+00
2.022200000000000220e+00
1.642500000000000071e+00
1.876100000000000101e+00
1.624700000000000033e+00
1.627999999999999892e+00
1.663300000000000001e+00
2.005100000000000104e+00
1.317499999999999893e+00
1.872900000000000009e+00
1.701500000000000012e+00
1.521700000000000053e+00
2.031200000000000117e+00
1.673899999999999944e+00
1.638900000000000023e+00
1.867199999999999971e+00
1.740399999999999947e+00
1.850800000000000001e+00
1.750499999999999945e+00
1.762399999999999967e+00
1.973000000000000087e+00
1.614900000000000002e+00
1.524100000000000010e+00
2.084700000000000220e+00
1.576699999999999990e+00
1.541099999999999914e+00
1.893299999999999983e+00
1.641899999999999915e+00
1.862900000000000000e+00
1.865599999999999925e+00
1.531400000000000095e+00
1.833299999999999930e+00
1.745400000000000063e+00
1.468699999999999894e+00
2.216899999999999871e+00
1.366100000000000092e+00
1.896300000000000097e+00
1.945200000000000040e+00
1.250199999999999978e+00
2.372700000000000031e+00
1.743300000000000072e+00
1.396500000000000075e+00
2.520000000000000018e+00
1.554599999999999982e+00
2.086899999999999977e+00
2.226599999999999913e+00
1.715200000000000058e+00
2.082899999999999974e+00
2.222300000000000164e+00
1.756199999999999983e+00
2.250700000000000145e+00
2.067699999999999871e+00
1.698800000000000088e+00
2.267599999999999838e+00
1.893000000000000016e+00
1.806000000000000050e+00
1.709799999999999986e+00
2.029500000000000082e+00
1.718399999999999928e+00
2.170300000000000118e+00
1.845099999999999962e+00
1.979800000000000004e+00
2.404300000000000104e+00
2.041399999999999881e+00
2.382400000000000073e+00
2.599299999999999944e+00
2.029999999999999805e+00
2.569500000000000117e+00
2.380500000000000060e+00
2.383100000000000218e+00
2.571699999999999875e+00
2.436100000000000154e+00
2.368100000000000094e+00
2.612499999999999822e+00
1.978299999999999947e+00
2.675100000000000033e+00
2.282300000000000217e+00
2.018100000000000005e+00
2.467799999999999994e+00
2.556900000000000173e+00
2.125100000000000211e+00
2.548799999999999955e+00
2.428399999999999892e+00
2.000500000000000167e+00
2.655199999999999783e+00
2.425800000000000178e+00
2.154399999999999871e+00
2.858800000000000008e+00
2.654500000000000082e+00
2.507400000000000073e+00
2.756200000000000205e+00
2.683199999999999807e+00
2.591200000000000170e+00
3.565799999999999859e+00
3.322799999999999976e+00
2.834099999999999842e+00
3.200099999999999945e+00
3.194599999999999884e+00
3.123299999999999965e+00
2.993500000000000050e+00
3.084099999999999842e+00
3.155499999999999972e+00
2.836300000000000043e+00
2.367599999999999927e+00
2.444799999999999862e+00
2.544900000000000162e+00
2.928399999999999892e+00
2.493700000000000028e+00
2.329600000000000115e+00
2.809299999999999908e+00
2.640699999999999825e+00
2.351799999999999891e+00
2.375700000000000145e+00
2.809600000000000097e+00
2.898299999999999876e+00
2.603200000000000180e+00
2.294299999999999784e+00
2.798700000000000188e+00
2.817099999999999937e+00
2.670599999999999863e+00
2.624499999999999833e+00
2.682900000000000063e+00
2.881299999999999972e+00
2.651199999999999779e+00
2.695100000000000051e+00
3.024999999999999911e+00
3.063899999999999846e+00
2.883599999999999941e+00
2.737400000000000055e+00
3.092400000000000038e+00
2.950699999999999878e+00
3.115899999999999892e+00
3.134199999999999875e+00
3.124200000000000088e+00
3.052099999999999813e+00
3.040599999999999969e+00
3.095899999999999874e+00
2.939099999999999824e+00
2.835799999999999876e+00
2.778000000000000025e+00
3.001799999999999802e+00
3.141900000000000137e+00
2.786599999999999966e+00
2.911700000000000177e+00
3.006800000000000139e+00
3.122900000000000009e+00
2.805099999999999927e+00
3.091200000000000170e+00
3.079899999999999860e+00
3.089900000000000091e+00
2.739399999999999835e+00
3.747599999999999820e+00
3.241800000000000015e+00
2.870200000000000085e+00
3.382400000000000073e+00
2.993100000000000094e+00
3.187100000000000044e+00
3.236299999999999955e+00
3.120899999999999785e+00
3.604900000000000215e+00
2.990299999999999958e+00
3.745200000000000085e+00
3.114300000000000068e+00
3.253800000000000026e+00
3.840599999999999792e+00
3.380399999999999849e+00
3.390899999999999803e+00
3.633700000000000152e+00
2.594800000000000217e+00
5.914799999999999613e+00
2.200899999999999856e+00
2.804300000000000015e+00
3.272299999999999986e+00
3.173399999999999999e+00
3.183800000000000185e+00
3.569100000000000161e+00
2.658500000000000085e+00
3.533100000000000129e+00
2.419700000000000184e+00
2.738999999999999879e+00
2.965500000000000025e+00
3.435200000000000031e+00
2.801899999999999835e+00
3.586300000000000043e+00
1.992499999999999938e+00
3.755500000000000060e+00
3.098500000000000032e+00
2.250999999999999890e+00
3.060799999999999965e+00
3.307199999999999918e+00
3.120699999999999807e+00
2.972199999999999953e+00
3.214399999999999924e+00
2.279100000000000126e+00
2.778300000000000214e+00
2.775900000000000034e+00
2.815700000000000092e+00
3.049599999999999866e+00
2.795100000000000140e+00
2.974099999999999966e+00
2.669399999999999995e+00
3.042300000000000004e+00
3.063600000000000101e+00
2.355199999999999960e+00
3.357499999999999929e+00
3.244400000000000173e+00
1.699999999999999956e+00
3.996900000000000119e+00
3.099400000000000155e+00
3.202900000000000080e+00
3.076000000000000068e+00
3.419599999999999973e+00
3.559800000000000075e+00
3.179899999999999949e+00
2.545700000000000074e+00
3.214700000000000113e+00
2.346799999999999997e+00
3.464599999999999902e+00
2.006600000000000161e+00
3.861699999999999910e+00
2.336599999999999788e+00
2.345899999999999874e+00
3.372900000000000009e+00
2.602199999999999847e+00
4.292200000000000237e+00
2.900999999999999801e+00
2.796400000000000219e+00
3.311599999999999877e+00
2.670999999999999819e+00
3.188899999999999846e+00
2.950899999999999856e+00
2.209799999999999986e+00
3.298399999999999999e+00
2.915000000000000036e+00
2.839999999999999858e+00
2.611699999999999910e+00
3.314200000000000035e+00
2.755399999999999849e+00
2.485599999999999810e+00
3.084799999999999986e+00
3.344500000000000028e+00
2.698300000000000143e+00
2.967099999999999849e+00
2.553500000000000103e+00
3.465899999999999981e+00
3.316399999999999793e+00
2.593300000000000161e+00
3.361400000000000166e+00
3.222799999999999887e+00
2.972700000000000120e+00
2.917600000000000193e+00
3.246799999999999908e+00
3.266399999999999970e+00
3.119200000000000195e+00
2.919999999999999929e+00
2.486899999999999888e+00
3.059000000000000163e+00
3.489100000000000090e+00
3.036000000000000032e+00
2.769600000000000062e+00
3.036900000000000155e+00
3.373200000000000198e+00
3.445500000000000007e+00
3.061700000000000088e+00
2.597599999999999909e+00
2.690199999999999925e+00
3.064900000000000180e+00
2.998000000000000220e+00
2.709400000000000031e+00
3.071299999999999919e+00
3.079499999999999904e+00
2.998099999999999987e+00
2.913300000000000001e+00
2.638300000000000090e+00
3.069700000000000095e+00
3.116600000000000037e+00
2.876799999999999802e+00
2.853800000000000114e+00
3.336699999999999999e+00
3.030699999999999950e+00
2.927099999999999813e+00
3.168699999999999850e+00
3.167199999999999793e+00
3.021300000000000097e+00
3.175499999999999989e+00
3.292899999999999938e+00
3.320300000000000029e+00
3.104200000000000070e+00
3.002200000000000202e+00
3.146900000000000031e+00
3.157799999999999940e+00
3.275199999999999889e+00
3.027899999999999814e+00
2.957199999999999829e+00
2.953699999999999992e+00
3.008399999999999963e+00
2.900500000000000078e+00
2.898099999999999898e+00
3.084600000000000009e+00
2.855300000000000171e+00
3.258199999999999985e+00
2.858999999999999986e+00
3.370999999999999996e+00
3.167400000000000215e+00
2.457899999999999974e+00
2.918200000000000127e+00
3.561300000000000132e+00
3.202199999999999935e+00
2.857899999999999885e+00
2.808899999999999952e+00
2.946600000000000108e+00
3.059400000000000119e+00
3.127600000000000158e+00
3.307900000000000063e+00
3.206399999999999917e+00
2.772600000000000176e+00
3.058699999999999974e+00
3.323799999999999866e+00
2.892700000000000049e+00
3.350099999999999856e+00
3.282000000000000028e+00
2.943400000000000016e+00
3.094899999999999984e+00
3.026899999999999924e+00
3.257000000000000117e+00
3.373899999999999899e+00
