1.436399999999999899e+00
1.479400000000000048e+00
1.750099999999999989e+00
1.816599999999999993e+00
2.029700000000000060e+00
1.996599999999999930e+00
2.132200000000000095e+00
2.289600000000000080e+00
2.285200000000000120e+00
2.366499999999999826e+00
2.368700000000000028e+00
2.409800000000000164e+00
2.468700000000000117e+00
2.524399999999999977e+00
2.677400000000000002e+00
2.671899999999999942e+00
2.783199999999999896e+00
2.792400000000000215e+00
2.839199999999999946e+00
2.804899999999999949e+00
2.977700000000000014e+00
3.032300000000000217e+00
2.951200000000000045e+00
3.127699999999999925e+00
3.114100000000000090e+00
3.188699999999999868e+00
3.257099999999999884e+00
3.228200000000000180e+00
3.208499999999999908e+00
3.226500000000000146e+00
3.432500000000000107e+00
3.409499999999999975e+00
3.471499999999999808e+00
3.527699999999999836e+00
3.609100000000000197e+00
3.693499999999999783e+00
3.778000000000000025e+00
3.749000000000000110e+00
3.835500000000000131e+00
3.767999999999999794e+00
3.661200000000000010e+00
3.942099999999999937e+00
3.986299999999999955e+00
3.909400000000000208e+00
4.049100000000000144e+00
4.037099999999999689e+00
4.039200000000000124e+00
4.155700000000000394e+00
4.038000000000000256e+00
4.249399999999999622e+00
4.318999999999999950e+00
4.290000000000000036e+00
4.092699999999999783e+00
4.274899999999999700e+00
4.479499999999999815e+00
4.317499999999999893e+00
4.364700000000000024e+00
4.557000000000000384e+00
4.464800000000000324e+00
4.444300000000000139e+00
4.685100000000000264e+00
4.744299999999999962e+00
4.768600000000000172e+00
4.655199999999999783e+00
4.799500000000000099e+00
5.134800000000000253e+00
4.895500000000000185e+00
4.546199999999999797e+00
4.886000000000000121e+00
5.063699999999999868e+00
5.095500000000000362e+00
4.905700000000000394e+00
4.911599999999999966e+00
5.092699999999999783e+00
5.242700000000000138e+00
5.142400000000000304e+00
5.220299999999999940e+00
5.250000000000000000e+00
5.126500000000000057e+00
4.965300000000000047e+00
5.022499999999999964e+00
5.368400000000000283e+00
5.325099999999999945e+00
5.143900000000000361e+00
5.053600000000000314e+00
5.297399999999999665e+00
5.388700000000000045e+00
5.324300000000000033e+00
5.371599999999999930e+00
5.466099999999999959e+00
5.458300000000000374e+00
5.405199999999999783e+00
5.685299999999999798e+00
5.573500000000000121e+00
5.652899999999999814e+00
5.515600000000000058e+00
5.610800000000000232e+00
5.646899999999999586e+00
5.727899999999999991e+00
5.686099999999999710e+00
5.404099999999999682e+00
5.496699999999999697e+00
5.535499999999999865e+00
5.555100000000000371e+00
5.546000000000000263e+00
5.520999999999999908e+00
5.481099999999999639e+00
5.731499999999999595e+00
5.571600000000000108e+00
5.559899999999999842e+00
5.751699999999999591e+00
5.801700000000000301e+00
5.687700000000000422e+00
5.806400000000000006e+00
5.790899999999999714e+00
5.888300000000000090e+00
6.000000000000000000e+00
6.203000000000000291e+00
6.115199999999999747e+00
5.840300000000000047e+00
5.994100000000000428e+00
6.248099999999999987e+00
6.280599999999999739e+00
5.951200000000000045e+00
6.115000000000000213e+00
6.111200000000000188e+00
6.111200000000000188e+00
6.081999999999999851e+00
5.850299999999999834e+00
6.032099999999999795e+00
6.118999999999999773e+00
6.138600000000000279e+00
5.979000000000000092e+00
5.859200000000000408e+00
5.950400000000000134e+00
5.965700000000000003e+00
6.018699999999999939e+00
6.147800000000000153e+00
6.071699999999999875e+00
5.957699999999999996e+00
6.149099999999999788e+00
6.121400000000000396e+00
6.200300000000000367e+00
6.206299999999999706e+00
6.312700000000000422e+00
6.275199999999999889e+00
6.198000000000000398e+00
6.202600000000000335e+00
6.355900000000000105e+00
6.267000000000000348e+00
6.057599999999999874e+00
6.021799999999999820e+00
6.243599999999999817e+00
6.365000000000000213e+00
6.217500000000000249e+00
5.945599999999999774e+00
6.032199999999999562e+00
5.991799999999999571e+00
6.072899999999999743e+00
6.140399999999999636e+00
6.131599999999999717e+00
6.208199999999999719e+00
6.135500000000000398e+00
6.269899999999999807e+00
6.301700000000000301e+00
6.208499999999999908e+00
5.881499999999999950e+00
6.186899999999999622e+00
6.307100000000000151e+00
6.379699999999999704e+00
6.358799999999999564e+00
6.399700000000000166e+00
6.293899999999999828e+00
6.415899999999999714e+00
6.648299999999999876e+00
6.660800000000000054e+00
6.527899999999999814e+00
6.640299999999999869e+00
6.648200000000000109e+00
6.549299999999999677e+00
6.659399999999999764e+00
6.612599999999999589e+00
6.694099999999999717e+00
6.621400000000000396e+00
6.599700000000000344e+00
6.658999999999999808e+00
6.614200000000000301e+00
6.479300000000000281e+00
6.363699999999999690e+00
6.462699999999999889e+00
6.519700000000000273e+00
6.178099999999999703e+00
6.324399999999999800e+00
6.339599999999999902e+00
6.175200000000000244e+00
6.273699999999999832e+00
6.407499999999999751e+00
6.243500000000000050e+00
6.253199999999999648e+00
6.325199999999999712e+00
6.300099999999999589e+00
6.112000000000000099e+00
6.426300000000000345e+00
6.498099999999999987e+00
6.179100000000000037e+00
6.238699999999999690e+00
6.284600000000000186e+00
6.196900000000000297e+00
6.096400000000000041e+00
6.029399999999999871e+00
6.307400000000000340e+00
6.292300000000000004e+00
6.014800000000000146e+00
6.197799999999999976e+00
6.313699999999999868e+00
6.054000000000000270e+00
6.137999999999999901e+00
6.166199999999999903e+00
6.192300000000000360e+00
5.984899999999999665e+00
5.902700000000000280e+00
5.976200000000000401e+00
6.164699999999999847e+00
6.196900000000000297e+00
6.123000000000000220e+00
5.757399999999999629e+00
6.021099999999999675e+00
6.189099999999999824e+00
5.863000000000000433e+00
6.181799999999999962e+00
6.438200000000000145e+00
6.277999999999999581e+00
6.183699999999999974e+00
6.238100000000000200e+00
5.860699999999999577e+00
6.415300000000000225e+00
6.687400000000000233e+00
6.306400000000000006e+00
6.304800000000000182e+00
6.699699999999999989e+00
6.505399999999999849e+00
6.451200000000000045e+00
6.283100000000000129e+00
6.650400000000000311e+00
6.751299999999999635e+00
6.581699999999999662e+00
6.389400000000000190e+00
6.654600000000000293e+00
6.718600000000000350e+00
6.447099999999999831e+00
6.473099999999999632e+00
6.572000000000000064e+00
6.651600000000000179e+00
6.331999999999999851e+00
6.560599999999999987e+00
6.628800000000000026e+00
6.756700000000000372e+00
6.746100000000000207e+00
6.490199999999999747e+00
6.522999999999999687e+00
6.534200000000000230e+00
6.539600000000000080e+00
6.592699999999999783e+00
6.411699999999999733e+00
6.625700000000000145e+00
6.474999999999999645e+00
6.466599999999999682e+00
6.726899999999999658e+00
6.550600000000000200e+00
6.517199999999999882e+00
6.610299999999999621e+00
6.593700000000000117e+00
6.505399999999999849e+00
6.525800000000000267e+00
6.489700000000000024e+00
6.490899999999999892e+00
6.424199999999999910e+00
6.285000000000000142e+00
6.534099999999999575e+00
6.660499999999999865e+00
6.523799999999999599e+00
6.512299999999999756e+00
6.517299999999999649e+00
6.543599999999999639e+00
6.652400000000000091e+00
6.334699999999999775e+00
6.522599999999999731e+00
6.853799999999999670e+00
6.815500000000000114e+00
6.701299999999999812e+00
6.716899999999999871e+00
6.907399999999999984e+00
7.009100000000000108e+00
6.757200000000000095e+00
6.805900000000000283e+00
6.471400000000000041e+00
6.894899999999999807e+00
6.978600000000000136e+00
6.888200000000000323e+00
6.768900000000000361e+00
6.766399999999999970e+00
6.552900000000000169e+00
6.663800000000000168e+00
6.733200000000000074e+00
6.577099999999999724e+00
6.511199999999999655e+00
6.376199999999999868e+00
6.765399999999999636e+00
6.785199999999999676e+00
6.631000000000000227e+00
6.579200000000000159e+00
6.559300000000000352e+00
6.434999999999999609e+00
6.467999999999999972e+00
6.477800000000000225e+00
6.451999999999999957e+00
6.594899999999999984e+00
6.084600000000000009e+00
6.450000000000000178e+00
6.710099999999999731e+00
6.673799999999999955e+00
6.588799999999999990e+00
6.779499999999999638e+00
6.843899999999999650e+00
6.562000000000000277e+00
6.773900000000000254e+00
7.037799999999999834e+00
6.920499999999999652e+00
6.552699999999999747e+00
6.637900000000000134e+00
6.860699999999999577e+00
6.773600000000000065e+00
6.691900000000000404e+00
6.730500000000000149e+00
6.680399999999999672e+00
6.535199999999999676e+00
6.775199999999999889e+00
6.663599999999999746e+00
6.613599999999999923e+00
6.740199999999999747e+00
6.741799999999999571e+00
6.708800000000000097e+00
6.575999999999999623e+00
6.554000000000000270e+00
6.634199999999999875e+00
6.696399999999999686e+00
6.402700000000000280e+00
6.472000000000000419e+00
6.528200000000000003e+00
6.581299999999999706e+00
6.581699999999999662e+00
6.596799999999999997e+00
6.482599999999999696e+00
6.541999999999999815e+00
6.508099999999999774e+00
6.482999999999999652e+00
6.347100000000000186e+00
6.135299999999999976e+00
6.537799999999999834e+00
6.706000000000000405e+00
6.613500000000000156e+00
6.480400000000000382e+00
6.311499999999999666e+00
6.444600000000000328e+00
6.381899999999999906e+00
6.333700000000000330e+00
6.361500000000000377e+00
6.342399999999999594e+00
6.372799999999999798e+00
6.515399999999999636e+00
6.485500000000000043e+00
6.376100000000000101e+00
6.495599999999999596e+00
6.611799999999999677e+00
6.618999999999999773e+00
6.197700000000000209e+00
6.375799999999999912e+00
6.486399999999999721e+00
6.566600000000000215e+00
6.276200000000000223e+00
6.489099999999999646e+00
6.516899999999999693e+00
6.501999999999999780e+00
6.477500000000000036e+00
6.591599999999999682e+00
6.519400000000000084e+00
6.612300000000000288e+00
6.739300000000000068e+00
6.513899999999999579e+00
6.681799999999999962e+00
6.690599999999999881e+00
6.758300000000000196e+00
6.887999999999999901e+00
6.593799999999999883e+00
6.927500000000000213e+00
6.956299999999999706e+00
6.981499999999999595e+00
6.899499999999999744e+00
6.860199999999999854e+00
7.010299999999999976e+00
6.871500000000000163e+00
6.695100000000000051e+00
6.922900000000000276e+00
7.029399999999999871e+00
6.860299999999999621e+00
6.722000000000000419e+00
6.892000000000000348e+00
6.705199999999999605e+00
6.956999999999999851e+00
6.832300000000000040e+00
6.786400000000000432e+00
7.026799999999999713e+00
7.031900000000000261e+00
6.906900000000000261e+00
6.976399999999999935e+00
6.719400000000000261e+00
6.297900000000000276e+00
7.552900000000000169e+00
7.633600000000000385e+00
6.737499999999999822e+00
5.841300000000000381e+00
7.688200000000000145e+00
8.029199999999999449e+00
6.818299999999999805e+00
6.204200000000000159e+00
7.090900000000000425e+00
7.073900000000000077e+00
6.413899999999999935e+00
6.651299999999999990e+00
6.884400000000000297e+00
6.856799999999999784e+00
6.126000000000000334e+00
6.237700000000000244e+00
6.980400000000000382e+00
5.934300000000000352e+00
5.085899999999999643e+00
9.662100000000000577e+00
9.282400000000000873e+00
6.261800000000000033e+00
5.658199999999999896e+00
8.777699999999999392e+00
9.083800000000000097e+00
7.921000000000000263e+00
6.274600000000000399e+00
5.573000000000000398e+00
7.877399999999999736e+00
7.703500000000000014e+00
5.648900000000000254e+00
6.715300000000000047e+00
6.896600000000000286e+00
5.604099999999999859e+00
8.049699999999999633e+00
7.284900000000000375e+00
5.432299999999999685e+00
9.297700000000000742e+00
7.038999999999999702e+00
5.028200000000000003e+00
1.129439999999999955e+01
8.823000000000000398e+00
6.368100000000000094e+00
6.191499999999999559e+00
8.263799999999999812e+00
8.210000000000000853e+00
6.932999999999999829e+00
6.689499999999999780e+00
8.501400000000000290e+00
5.264599999999999724e+00
1.227059999999999995e+01
8.807199999999999918e+00
5.833000000000000185e+00
7.264199999999999768e+00
7.806499999999999773e+00
7.476499999999999702e+00
6.532799999999999940e+00
6.911299999999999777e+00
6.974199999999999733e+00
6.413299999999999557e+00
6.750399999999999956e+00
4.503400000000000070e+00
1.253790000000000049e+01
1.096649999999999991e+01
6.876400000000000290e+00
4.858399999999999608e+00
1.099820000000000064e+01
1.201130000000000031e+01
9.977100000000000080e+00
6.309300000000000352e+00
4.722199999999999953e+00
9.670299999999999230e+00
8.753800000000000026e+00
6.959699999999999775e+00
4.389100000000000001e+00
7.072300000000000253e+00
7.110299999999999621e+00
6.044100000000000250e+00
4.263300000000000090e+00
1.178979999999999961e+01
7.572499999999999787e+00
5.127399999999999736e+00
6.880399999999999849e+00
6.230199999999999960e+00
7.446299999999999919e+00
5.330799999999999983e+00
6.787600000000000300e+00
4.140100000000000335e+00
2.028719999999999857e+01
1.037270000000000003e+01
7.569200000000000372e+00
5.157700000000000173e+00
4.828599999999999781e+00
7.752600000000000158e+00
6.632600000000000051e+00
5.604199999999999626e+00
7.026900000000000368e+00
6.066900000000000404e+00
5.607800000000000118e+00
5.780800000000000161e+00
5.634800000000000253e+00
5.117300000000000182e+00
5.356499999999999595e+00
5.217699999999999783e+00
5.536800000000000388e+00
5.611799999999999677e+00
4.926400000000000112e+00
6.052999999999999936e+00
6.080099999999999838e+00
5.184800000000000075e+00
4.688600000000000101e+00
7.032899999999999707e+00
6.032099999999999795e+00
4.337500000000000355e+00
5.190199999999999925e+00
5.392299999999999649e+00
5.162399999999999878e+00
4.575599999999999667e+00
6.164900000000000269e+00
5.771499999999999631e+00
4.183500000000000441e+00
5.419800000000000395e+00
5.735199999999999854e+00
5.309499999999999886e+00
5.011400000000000077e+00
5.284600000000000186e+00
5.506400000000000183e+00
5.039699999999999847e+00
5.310800000000000409e+00
5.200400000000000134e+00
4.888200000000000323e+00
5.764599999999999724e+00
4.607000000000000206e+00
6.044999999999999929e+00
5.506800000000000139e+00
4.711400000000000254e+00
7.274600000000000399e+00
6.084500000000000242e+00
4.458800000000000097e+00
5.992399999999999949e+00
5.481700000000000017e+00
4.593700000000000117e+00
5.915099999999999802e+00
4.902099999999999902e+00
4.000300000000000189e+00
6.731799999999999784e+00
4.600799999999999557e+00
4.624799999999999578e+00
5.320800000000000196e+00
4.842299999999999827e+00
4.534299999999999997e+00
6.030700000000000394e+00
4.350699999999999790e+00
4.202899999999999636e+00
5.614899999999999558e+00
5.289299999999999891e+00
3.207199999999999829e+00
8.031499999999999417e+00
5.122499999999999609e+00
3.932900000000000063e+00
8.808999999999999275e+00
6.857400000000000162e+00
4.956299999999999706e+00
5.715600000000000236e+00
6.098799999999999777e+00
5.438799999999999635e+00
4.522199999999999775e+00
6.081400000000000361e+00
4.758000000000000007e+00
4.270699999999999719e+00
7.305600000000000094e+00
6.050500000000000433e+00
3.871300000000000185e+00
6.757500000000000284e+00
4.790700000000000180e+00
5.094699999999999562e+00
5.089199999999999946e+00
5.262699999999999712e+00
4.936799999999999855e+00
4.843600000000000350e+00
5.239600000000000257e+00
4.604499999999999815e+00
6.161699999999999733e+00
5.449099999999999611e+00
4.536100000000000243e+00
5.799800000000000288e+00
4.257100000000000328e+00
5.228799999999999670e+00
6.469000000000000306e+00
3.293499999999999872e+00
1.045710000000000051e+01
2.853499999999999925e+00
9.579200000000000159e+00
9.685000000000000497e+00
6.435399999999999565e+00
4.760799999999999699e+00
6.831100000000000172e+00
7.042699999999999960e+00
6.561099999999999710e+00
4.731099999999999639e+00
6.235199999999999854e+00
5.781900000000000261e+00
4.702200000000000379e+00
5.419900000000000162e+00
5.621000000000000441e+00
4.764300000000000423e+00
6.100699999999999790e+00
5.126299999999999635e+00
4.628899999999999793e+00
5.101899999999999658e+00
5.424000000000000377e+00
5.688600000000000101e+00
4.752399999999999736e+00
4.534600000000000186e+00
5.421599999999999753e+00
6.498599999999999710e+00
4.789799999999999613e+00
4.353900000000000325e+00
7.277199999999999669e+00
6.478799999999999670e+00
4.660300000000000331e+00
6.707799999999999763e+00
6.400599999999999845e+00
5.000200000000000422e+00
5.633000000000000007e+00
5.689099999999999824e+00
4.981499999999999595e+00
4.994200000000000195e+00
5.660199999999999676e+00
5.460399999999999920e+00
5.534799999999999720e+00
3.822499999999999787e+00
9.374299999999999855e+00
6.214800000000000324e+00
4.691099999999999604e+00
5.754800000000000360e+00
7.192800000000000082e+00
6.679100000000000037e+00
5.392800000000000260e+00
5.994600000000000151e+00
5.990899999999999892e+00
5.308900000000000396e+00
5.322000000000000064e+00
5.776699999999999946e+00
4.830700000000000216e+00
5.771099999999999675e+00
5.043199999999999683e+00
6.103799999999999670e+00
5.551700000000000301e+00
5.046999999999999709e+00
5.943200000000000038e+00
5.522599999999999731e+00
6.940100000000000158e+00
4.803600000000000314e+00
9.153299999999999770e+00
6.887699999999999712e+00
4.496199999999999974e+00
9.897100000000000009e+00
1.028589999999999982e+01
6.922500000000000320e+00
4.807400000000000340e+00
8.524599999999999511e+00
8.534599999999999298e+00
5.384400000000000297e+00
4.566699999999999982e+00
8.418699999999999406e+00
7.304899999999999949e+00
5.528299999999999770e+00
4.761499999999999844e+00
6.425500000000000433e+00
6.103399999999999714e+00
5.613800000000000345e+00
4.996500000000000163e+00
6.207900000000000418e+00
6.270599999999999952e+00
5.315999999999999837e+00
4.178799999999999848e+00
7.578299999999999592e+00
7.185500000000000220e+00
5.655700000000000394e+00
4.921100000000000030e+00
5.560200000000000031e+00
5.839100000000000179e+00
5.709100000000000286e+00
5.077700000000000102e+00
5.319300000000000139e+00
5.863000000000000433e+00
5.724400000000000155e+00
4.643900000000000361e+00
6.163899999999999935e+00
6.040199999999999569e+00
5.739099999999999646e+00
5.776399999999999757e+00
6.120199999999999640e+00
5.754699999999999704e+00
6.001299999999999635e+00
5.901399999999999757e+00
6.148399999999999643e+00
6.220799999999999663e+00
5.661299999999999777e+00
6.284699999999999953e+00
6.205799999999999983e+00
6.031299999999999883e+00
6.073100000000000165e+00
5.664699999999999847e+00
6.640900000000000247e+00
6.801499999999999879e+00
5.681899999999999729e+00
5.710799999999999876e+00
7.279600000000000293e+00
6.910400000000000098e+00
5.676700000000000301e+00
5.993900000000000006e+00
5.950800000000000090e+00
5.719500000000000028e+00
4.987499999999999822e+00
6.820100000000000051e+00
6.793599999999999639e+00
5.872600000000000264e+00
5.404899999999999594e+00
5.852400000000000269e+00
6.218099999999999739e+00
6.014999999999999680e+00
5.286699999999999733e+00
5.902899999999999814e+00
5.770800000000000374e+00
5.615899999999999892e+00
5.702300000000000146e+00
6.046100000000000030e+00
5.962500000000000355e+00
5.785099999999999909e+00
5.533500000000000085e+00
5.907399999999999984e+00
6.548600000000000421e+00
6.596899999999999764e+00
5.475100000000000300e+00
5.696100000000000385e+00
6.776799999999999713e+00
6.536100000000000243e+00
6.329699999999999882e+00
6.306499999999999773e+00
6.369200000000000195e+00
4.883600000000000385e+00
9.068699999999999761e+00
7.672600000000000087e+00
5.692999999999999616e+00
5.708000000000000185e+00
6.897000000000000242e+00
6.725500000000000256e+00
6.091300000000000381e+00
6.297699999999999854e+00
6.320000000000000284e+00
5.833800000000000097e+00
5.678799999999999848e+00
5.492099999999999760e+00
6.743500000000000050e+00
6.840799999999999770e+00
6.264199999999999768e+00
5.149000000000000021e+00
6.527000000000000135e+00
5.772599999999999731e+00
5.663199999999999790e+00
5.342900000000000205e+00
6.374900000000000233e+00
5.796000000000000263e+00
4.992499999999999716e+00
6.276299999999999990e+00
6.437199999999999811e+00
6.215099999999999625e+00
6.172500000000000320e+00
5.864899999999999558e+00
5.855199999999999960e+00
5.861100000000000421e+00
5.667900000000000382e+00
5.093200000000000394e+00
5.641200000000000436e+00
6.056600000000000428e+00
6.475999999999999979e+00
5.270500000000000185e+00
6.557000000000000384e+00
6.092900000000000205e+00
5.337699999999999889e+00
6.975500000000000256e+00
6.761999999999999567e+00
5.694499999999999673e+00
6.059700000000000308e+00
6.861699999999999910e+00
4.662799999999999834e+00
1.089220000000000077e+01
7.023500000000000298e+00
4.761800000000000033e+00
1.111839999999999939e+01
1.219340000000000046e+01
9.607300000000000395e+00
6.812599999999999767e+00
5.393699999999999939e+00
7.687400000000000233e+00
7.730400000000000382e+00
6.519000000000000128e+00
5.989899999999999558e+00
6.478799999999999670e+00
6.666900000000000048e+00
5.787399999999999878e+00
4.939899999999999736e+00
6.826900000000000190e+00
5.806600000000000428e+00
5.724300000000000388e+00
5.914799999999999613e+00
5.304899999999999949e+00
6.570599999999999774e+00
6.430399999999999672e+00
5.436499999999999666e+00
5.667399999999999771e+00
6.291800000000000281e+00
6.445800000000000196e+00
5.915000000000000036e+00
5.286299999999999777e+00
5.668499999999999872e+00
6.168599999999999639e+00
5.770900000000000141e+00
5.284099999999999575e+00
5.966599999999999682e+00
6.373599999999999710e+00
5.896399999999999864e+00
5.798300000000000232e+00
6.025699999999999612e+00
5.746100000000000207e+00
5.753099999999999881e+00
6.135299999999999976e+00
6.192999999999999616e+00
5.347299999999999720e+00
7.279600000000000293e+00
6.712699999999999889e+00
4.900599999999999845e+00
7.925600000000000200e+00
7.509500000000000064e+00
6.244799999999999685e+00
5.544299999999999784e+00
6.512800000000000367e+00
6.586899999999999977e+00
5.930500000000000327e+00
5.748400000000000176e+00
6.000000000000000000e+00
5.664399999999999658e+00
5.658999999999999808e+00
6.785300000000000331e+00
6.083999999999999631e+00
4.642100000000000115e+00
7.888600000000000279e+00
7.360699999999999577e+00
5.818699999999999761e+00
6.355599999999999916e+00
6.616799999999999571e+00
6.287600000000000300e+00
5.578400000000000247e+00
5.418499999999999872e+00
6.749900000000000233e+00
6.303899999999999615e+00
5.616600000000000037e+00
6.221199999999999619e+00
5.972599999999999909e+00
5.482700000000000351e+00
5.902099999999999902e+00
6.503899999999999793e+00
6.096899999999999764e+00
5.397599999999999731e+00
6.011300000000000310e+00
5.916599999999999859e+00
4.652700000000000280e+00
6.040499999999999758e+00
5.573400000000000354e+00
5.567800000000000082e+00
5.879999999999999893e+00
6.043000000000000149e+00
5.964000000000000412e+00
5.813600000000000101e+00
5.223399999999999821e+00
5.615300000000000402e+00
5.346599999999999575e+00
5.525199999999999889e+00
5.635500000000000398e+00
5.789500000000000313e+00
5.178200000000000358e+00
6.692700000000000315e+00
5.536100000000000243e+00
5.980299999999999727e+00
6.358999999999999986e+00
6.425200000000000244e+00
5.747099999999999653e+00
6.593399999999999928e+00
5.733900000000000219e+00
6.168999999999999595e+00
5.590200000000000280e+00
6.220100000000000406e+00
6.338700000000000223e+00
6.453299999999999592e+00
5.644300000000000317e+00
5.788499999999999979e+00
6.716999999999999638e+00
6.555900000000000283e+00
5.219199999999999839e+00
6.689700000000000202e+00
4.216999999999999638e+00
6.985599999999999810e+00
7.309599999999999653e+00
6.100600000000000023e+00
5.588700000000000223e+00
5.415300000000000225e+00
6.213599999999999568e+00
5.464100000000000179e+00
5.549999999999999822e+00
4.860999999999999766e+00
9.565400000000000347e+00
7.938299999999999912e+00
4.981099999999999639e+00
6.731200000000000294e+00
6.431600000000000428e+00
4.535199999999999676e+00
7.629900000000000126e+00
6.507200000000000095e+00
4.246800000000000352e+00
1.090740000000000087e+01
6.607899999999999885e+00
4.826800000000000423e+00
7.738800000000000345e+00
8.163500000000000867e+00
6.935299999999999798e+00
5.600699999999999790e+00
5.558500000000000441e+00
6.043000000000000149e+00
5.948900000000000077e+00
5.338199999999999612e+00
5.376299999999999635e+00
3.759199999999999875e+00
7.757500000000000284e+00
6.449099999999999611e+00
3.467200000000000060e+00
8.836899999999999977e+00
8.509900000000000020e+00
6.160400000000000098e+00
4.737400000000000055e+00
4.956400000000000361e+00
5.862499999999999822e+00
5.800399999999999778e+00
5.497300000000000075e+00
4.412300000000000111e+00
6.504699999999999704e+00
6.610999999999999766e+00
5.012500000000000178e+00
6.118299999999999628e+00
6.018799999999999706e+00
4.701699999999999768e+00
5.218099999999999739e+00
5.066600000000000215e+00
5.076800000000000423e+00
5.656799999999999606e+00
4.844299999999999606e+00
5.690599999999999881e+00
4.782499999999999751e+00
5.753400000000000070e+00
6.177200000000000024e+00
5.941600000000000215e+00
5.281600000000000072e+00
4.387800000000000367e+00
6.786800000000000388e+00
6.311799999999999855e+00
5.374299999999999855e+00
5.465700000000000003e+00
5.497899999999999565e+00
5.833599999999999675e+00
5.326600000000000001e+00
5.282499999999999751e+00
5.513399999999999856e+00
5.487099999999999866e+00
5.819799999999999862e+00
5.567499999999999893e+00
4.165799999999999947e+00
8.519500000000000739e+00
6.461000000000000298e+00
6.520699999999999719e+00
6.470900000000000318e+00
5.263700000000000045e+00
6.330000000000000071e+00
5.821900000000000297e+00
4.778400000000000425e+00
6.255899999999999572e+00
5.592900000000000205e+00
5.272499999999999964e+00
5.972699999999999676e+00
5.256000000000000227e+00
6.076600000000000001e+00
6.898799999999999599e+00
4.508099999999999774e+00
8.702500000000000568e+00
7.180799999999999628e+00
4.934199999999999697e+00
5.367099999999999760e+00
6.107499999999999929e+00
5.767900000000000027e+00
5.834299999999999820e+00
6.126199999999999868e+00
5.735800000000000232e+00
4.527300000000000324e+00
5.410899999999999821e+00
6.131599999999999717e+00
5.552399999999999558e+00
5.485199999999999854e+00
5.530300000000000438e+00
5.156600000000000072e+00
5.362499999999999822e+00
4.665199999999999569e+00
5.664500000000000313e+00
5.723600000000000243e+00
5.190699999999999648e+00
4.659799999999999720e+00
6.632699999999999818e+00
2.811199999999999921e+00
1.090300000000000047e+01
8.661400000000000432e+00
5.761199999999999655e+00
5.311899999999999622e+00
7.773399999999999643e+00
5.945899999999999963e+00
5.877900000000000347e+00
5.756199999999999761e+00
4.559199999999999697e+00
1.233900000000000041e+01
5.211000000000000076e-01
1.789450000000000074e+01
1.515019999999999989e+01
8.399399999999999977e+00
4.227800000000000225e+00
9.821500000000000341e+00
7.413800000000000168e+00
2.836500000000000021e+00
7.492300000000000182e+00
6.429000000000000270e+00
3.810900000000000176e+00
4.619799999999999685e+00
5.827399999999999913e+00
5.867300000000000182e+00
4.191499999999999559e+00
4.539299999999999891e+00
4.851799999999999891e+00
4.594400000000000261e+00
4.752500000000000391e+00
4.527199999999999669e+00
4.458599999999999675e+00
5.090799999999999770e+00
4.960600000000000342e+00
4.285400000000000098e+00
5.440400000000000347e+00
4.714199999999999946e+00
4.261300000000000310e+00
4.152800000000000047e+00
4.904700000000000060e+00
4.638200000000000323e+00
5.595299999999999940e+00
1.756599999999999939e+00
1.044599999999999973e+01
4.345399999999999707e+00
2.469199999999999839e+00
6.939099999999999824e+00
4.918499999999999872e+00
3.019099999999999895e+00
5.030199999999999783e+00
3.847999999999999865e+00
3.933300000000000018e+00
3.916799999999999837e+00
4.158199999999999896e+00
2.798099999999999810e+00
5.605400000000000382e+00
3.683300000000000018e+00
3.525900000000000034e+00
4.898299999999999876e+00
3.277400000000000091e+00
4.329500000000000348e+00
3.423399999999999999e+00
2.776699999999999946e+00
6.268699999999999939e+00
2.242900000000000116e+00
6.263300000000000090e+00
4.522400000000000198e+00
3.240600000000000147e+00
5.430399999999999672e+00
4.200899999999999856e+00
3.379799999999999915e+00
4.888600000000000279e+00
2.810000000000000053e+00
4.200800000000000090e+00
3.514899999999999913e+00
3.806200000000000028e+00
3.926400000000000112e+00
3.661999999999999922e+00
4.384900000000000020e+00
4.361699999999999910e+00
3.420900000000000052e+00
4.420200000000000351e+00
3.324699999999999989e+00
4.982599999999999696e+00
2.865099999999999980e+00
5.404399999999999871e+00
3.963200000000000056e+00
4.044200000000000017e+00
4.871299999999999741e+00
2.885800000000000143e+00
7.975100000000000300e+00
4.099499999999999922e+00
3.515099999999999891e+00
6.349800000000000111e+00
5.837399999999999700e+00
4.193100000000000271e+00
4.989600000000000257e+00
4.596199999999999619e+00
4.989499999999999602e+00
3.615800000000000125e+00
1.002030000000000065e+01
2.769400000000000084e+00
9.914999999999999147e+00
8.202400000000000801e+00
4.799999999999999822e+00
4.987899999999999778e+00
6.825199999999999712e+00
4.070899999999999963e+00
4.987300000000000288e+00
5.077600000000000335e+00
4.179000000000000270e+00
5.037399999999999878e+00
3.288800000000000168e+00
5.519499999999999851e+00
3.407300000000000217e+00
4.994299999999999962e+00
4.715200000000000280e+00
4.252500000000000391e+00
4.298199999999999577e+00
4.751299999999999635e+00
3.977100000000000080e+00
4.579600000000000115e+00
4.592800000000000438e+00
4.306000000000000050e+00
4.185200000000000031e+00
5.061899999999999622e+00
3.783599999999999852e+00
5.027999999999999581e+00
4.034399999999999764e+00
4.462799999999999656e+00
4.743100000000000094e+00
3.565700000000000092e+00
4.823000000000000398e+00
3.730799999999999894e+00
5.433300000000000018e+00
3.466299999999999937e+00
4.737400000000000055e+00
3.778399999999999981e+00
4.810100000000000264e+00
4.768099999999999561e+00
3.700200000000000156e+00
4.957499999999999574e+00
3.861499999999999932e+00
4.399499999999999744e+00
4.415000000000000036e+00
3.819199999999999928e+00
4.209399999999999586e+00
4.292600000000000193e+00
3.573799999999999866e+00
5.053600000000000314e+00
4.095900000000000318e+00
4.034900000000000375e+00
4.024200000000000443e+00
5.153299999999999770e+00
4.031100000000000350e+00
3.886699999999999822e+00
5.078899999999999970e+00
4.018399999999999750e+00
4.157399999999999984e+00
4.330599999999999561e+00
4.203000000000000291e+00
5.265100000000000335e+00
4.848600000000000243e+00
3.912500000000000089e+00
4.993999999999999773e+00
4.894499999999999851e+00
3.801499999999999879e+00
5.479400000000000048e+00
3.885099999999999998e+00
5.589900000000000091e+00
4.728399999999999714e+00
3.861099999999999977e+00
6.278200000000000003e+00
3.104999999999999982e+00
8.440400000000000347e+00
5.495700000000000252e+00
4.941300000000000026e+00
5.408199999999999896e+00
5.480000000000000426e+00
4.877399999999999736e+00
5.194300000000000139e+00
5.177999999999999936e+00
4.915000000000000036e+00
4.267599999999999838e+00
5.579900000000000304e+00
4.482000000000000206e+00
4.331999999999999851e+00
6.214500000000000135e+00
3.427599999999999980e+00
8.369400000000000617e+00
6.628999999999999559e+00
3.722799999999999887e+00
6.528699999999999726e+00
5.250399999999999956e+00
3.932500000000000107e+00
6.977800000000000225e+00
5.415000000000000036e+00
2.858699999999999797e+00
8.745599999999999596e+00
7.069399999999999906e+00
5.311300000000000132e+00
4.730199999999999960e+00
4.892900000000000027e+00
5.708199999999999719e+00
5.556700000000000195e+00
4.839400000000000368e+00
4.669599999999999973e+00
4.946500000000000341e+00
4.653699999999999726e+00
5.004999999999999893e+00
5.140500000000000291e+00
4.593499999999999694e+00
6.138499999999999623e+00
5.437100000000000044e+00
4.063399999999999679e+00
6.910899999999999821e+00
4.217900000000000205e+00
