1.850400000000000045e+00
1.808799999999999963e+00
2.080299999999999816e+00
2.215100000000000069e+00
2.283900000000000041e+00
2.300899999999999945e+00
2.425499999999999989e+00
2.467400000000000038e+00
2.524300000000000210e+00
2.482099999999999973e+00
2.626799999999999802e+00
2.728000000000000203e+00
2.801400000000000112e+00
2.702999999999999847e+00
2.729800000000000004e+00
2.819599999999999884e+00
2.853299999999999947e+00
2.910400000000000098e+00
2.956700000000000106e+00
3.043000000000000149e+00
3.105199999999999960e+00
2.923099999999999810e+00
3.111499999999999932e+00
3.397499999999999964e+00
3.400500000000000078e+00
3.296499999999999986e+00
3.322400000000000020e+00
3.461199999999999832e+00
3.512500000000000178e+00
3.718900000000000095e+00
3.480999999999999872e+00
3.580900000000000194e+00
3.700800000000000090e+00
3.756099999999999994e+00
3.814099999999999824e+00
3.801299999999999901e+00
3.873099999999999987e+00
4.097199999999999953e+00
4.043000000000000149e+00
3.922099999999999920e+00
3.921899999999999942e+00
4.040000000000000036e+00
4.222199999999999953e+00
4.315699999999999648e+00
4.278599999999999959e+00
4.149000000000000021e+00
4.214900000000000091e+00
4.336899999999999977e+00
4.385200000000000209e+00
4.307800000000000296e+00
4.333700000000000330e+00
4.479700000000000237e+00
4.387500000000000178e+00
4.345399999999999707e+00
4.342699999999999783e+00
4.508099999999999774e+00
4.628700000000000259e+00
4.605100000000000193e+00
4.603699999999999903e+00
4.599000000000000199e+00
4.613299999999999734e+00
4.684599999999999653e+00
4.772300000000000431e+00
4.949200000000000266e+00
4.873300000000000409e+00
4.916299999999999670e+00
4.903599999999999959e+00
5.089999999999999858e+00
5.236399999999999721e+00
5.132699999999999818e+00
5.084800000000000431e+00
5.409900000000000375e+00
5.581699999999999662e+00
5.258799999999999919e+00
5.203100000000000058e+00
5.265200000000000102e+00
5.397499999999999964e+00
5.489300000000000068e+00
5.448999999999999844e+00
5.328800000000000203e+00
5.496100000000000207e+00
5.520299999999999763e+00
5.502299999999999969e+00
5.475500000000000256e+00
5.575499999999999901e+00
5.612099999999999866e+00
5.505700000000000038e+00
5.531399999999999650e+00
5.591800000000000104e+00
5.619600000000000151e+00
5.665399999999999991e+00
5.818200000000000038e+00
5.823100000000000165e+00
5.665399999999999991e+00
5.758200000000000429e+00
5.836000000000000298e+00
5.687100000000000044e+00
5.768399999999999750e+00
5.837200000000000166e+00
5.945899999999999963e+00
5.878400000000000070e+00
5.805200000000000138e+00
5.844999999999999751e+00
5.860899999999999999e+00
5.940000000000000391e+00
5.928799999999999848e+00
5.942700000000000315e+00
5.966199999999999726e+00
6.052500000000000213e+00
5.977500000000000036e+00
6.144199999999999662e+00
5.988699999999999690e+00
5.965399999999999814e+00
6.099199999999999733e+00
6.036800000000000388e+00
6.090600000000000236e+00
6.159399999999999764e+00
6.265600000000000058e+00
6.134699999999999598e+00
6.020800000000000374e+00
6.048000000000000043e+00
6.353600000000000136e+00
6.368299999999999628e+00
6.231399999999999828e+00
6.269199999999999662e+00
6.514999999999999680e+00
6.478200000000000180e+00
6.358699999999999797e+00
6.420700000000000074e+00
6.526299999999999990e+00
6.550500000000000433e+00
6.391399999999999970e+00
6.375200000000000422e+00
6.334900000000000198e+00
6.181000000000000050e+00
6.138899999999999579e+00
6.104700000000000237e+00
6.425600000000000200e+00
6.445500000000000007e+00
6.074399999999999800e+00
5.996699999999999697e+00
6.162700000000000067e+00
6.211800000000000210e+00
6.179000000000000270e+00
5.987199999999999633e+00
6.090300000000000047e+00
6.258799999999999919e+00
6.249299999999999855e+00
6.237199999999999633e+00
6.309000000000000163e+00
6.381099999999999994e+00
6.412700000000000067e+00
6.353600000000000136e+00
6.392599999999999838e+00
6.658199999999999896e+00
6.643900000000000361e+00
6.876500000000000057e+00
6.992200000000000415e+00
7.301999999999999602e+00
7.091599999999999682e+00
6.794200000000000017e+00
6.855299999999999727e+00
6.854700000000000237e+00
6.910099999999999909e+00
6.665000000000000036e+00
6.494399999999999729e+00
6.545700000000000074e+00
6.360400000000000276e+00
6.271499999999999631e+00
6.371500000000000163e+00
6.329100000000000392e+00
6.181000000000000050e+00
6.171899999999999942e+00
6.272400000000000198e+00
6.269700000000000273e+00
6.046700000000000408e+00
5.939199999999999591e+00
6.119600000000000151e+00
6.402999999999999581e+00
6.401399999999999757e+00
6.117799999999999905e+00
6.152599999999999625e+00
6.212500000000000355e+00
6.388099999999999667e+00
6.389100000000000001e+00
6.413199999999999790e+00
6.525000000000000355e+00
6.450400000000000134e+00
6.423799999999999955e+00
6.538000000000000256e+00
6.259000000000000341e+00
6.532799999999999940e+00
6.639700000000000379e+00
6.515299999999999869e+00
6.464999999999999858e+00
6.461199999999999832e+00
6.588300000000000267e+00
6.639599999999999724e+00
6.654300000000000104e+00
6.655100000000000016e+00
6.681000000000000050e+00
6.612700000000000244e+00
6.640100000000000335e+00
6.667500000000000426e+00
6.697499999999999787e+00
6.703599999999999781e+00
6.644300000000000317e+00
6.974400000000000155e+00
7.043700000000000294e+00
6.800399999999999778e+00
6.812999999999999723e+00
6.685299999999999798e+00
6.908000000000000362e+00
7.147300000000000431e+00
7.111799999999999677e+00
6.809300000000000352e+00
7.078199999999999825e+00
7.314099999999999824e+00
7.175500000000000433e+00
7.152199999999999669e+00
7.396600000000000286e+00
7.341000000000000192e+00
7.125200000000000422e+00
7.217299999999999827e+00
7.360100000000000087e+00
7.256899999999999906e+00
7.290499999999999758e+00
6.640799999999999592e+00
7.254500000000000171e+00
7.192499999999999893e+00
6.607700000000000351e+00
6.909200000000000230e+00
7.010299999999999976e+00
6.599000000000000199e+00
6.322499999999999787e+00
6.980999999999999872e+00
7.054499999999999993e+00
6.660300000000000331e+00
6.187199999999999811e+00
7.069899999999999629e+00
6.719100000000000072e+00
5.762199999999999989e+00
6.857800000000000118e+00
7.106200000000000294e+00
6.214699999999999669e+00
6.285199999999999676e+00
6.748199999999999754e+00
6.671100000000000030e+00
6.068900000000000183e+00
6.369699999999999918e+00
6.636400000000000077e+00
6.328400000000000247e+00
5.927800000000000402e+00
5.951900000000000190e+00
6.524300000000000210e+00
5.756499999999999950e+00
6.452600000000000335e+00
6.821500000000000341e+00
6.243199999999999861e+00
6.114399999999999835e+00
6.528100000000000236e+00
6.559300000000000352e+00
5.699300000000000033e+00
6.557100000000000151e+00
6.882200000000000095e+00
6.016000000000000014e+00
6.007500000000000284e+00
6.532199999999999562e+00
6.444899999999999629e+00
6.232999999999999652e+00
6.468200000000000394e+00
6.387199999999999989e+00
6.279899999999999594e+00
5.831100000000000172e+00
6.775599999999999845e+00
6.096599999999999575e+00
6.739700000000000024e+00
6.780300000000000438e+00
6.538700000000000401e+00
6.246999999999999886e+00
6.128999999999999559e+00
7.012299999999999756e+00
7.028299999999999770e+00
5.973600000000000243e+00
7.103299999999999947e+00
7.019000000000000128e+00
6.780899999999999928e+00
6.189099999999999824e+00
7.357000000000000206e+00
7.235500000000000043e+00
6.651699999999999946e+00
6.891099999999999781e+00
7.140299999999999869e+00
7.089199999999999946e+00
6.572499999999999787e+00
7.187100000000000044e+00
7.052900000000000169e+00
6.713300000000000267e+00
6.885100000000000442e+00
7.079600000000000115e+00
7.096199999999999619e+00
6.868900000000000006e+00
7.264599999999999724e+00
7.256499999999999950e+00
7.349899999999999878e+00
7.328500000000000014e+00
7.366500000000000270e+00
7.243400000000000283e+00
6.995899999999999785e+00
7.211299999999999599e+00
7.248599999999999710e+00
7.046000000000000263e+00
7.423700000000000188e+00
7.354499999999999815e+00
7.041599999999999859e+00
7.274099999999999788e+00
7.493400000000000283e+00
7.526799999999999713e+00
7.306199999999999584e+00
7.318200000000000038e+00
7.383499999999999730e+00
7.202399999999999913e+00
7.115300000000000402e+00
6.868900000000000006e+00
7.151799999999999713e+00
7.303300000000000125e+00
6.958999999999999631e+00
6.438500000000000334e+00
6.797699999999999854e+00
6.960399999999999920e+00
6.814199999999999591e+00
6.572700000000000209e+00
6.499600000000000044e+00
6.774600000000000399e+00
6.989099999999999646e+00
6.803300000000000125e+00
6.594800000000000217e+00
6.769999999999999574e+00
6.314099999999999824e+00
6.622499999999999609e+00
6.698999999999999844e+00
6.746900000000000119e+00
6.827700000000000102e+00
6.647499999999999964e+00
6.621000000000000441e+00
6.776500000000000412e+00
6.615499999999999936e+00
6.716199999999999726e+00
6.049800000000000288e+00
7.054199999999999804e+00
7.214999999999999858e+00
6.718799999999999883e+00
6.317999999999999616e+00
7.089000000000000412e+00
6.685599999999999987e+00
6.458999999999999631e+00
6.714599999999999902e+00
6.999399999999999622e+00
6.775100000000000122e+00
6.724300000000000388e+00
6.683600000000000207e+00
5.994399999999999729e+00
6.467800000000000438e+00
6.498999999999999666e+00
6.701999999999999957e+00
6.671000000000000263e+00
6.650500000000000078e+00
6.251100000000000101e+00
6.453800000000000203e+00
6.155300000000000438e+00
6.741200000000000081e+00
6.875899999999999679e+00
6.304700000000000415e+00
6.682299999999999685e+00
5.574099999999999611e+00
6.783299999999999663e+00
6.569799999999999862e+00
9.146300000000000097e+00
5.732199999999999740e+00
6.613599999999999923e+00
7.788499999999999979e+00
7.610000000000000320e+00
5.869399999999999729e+00
7.452600000000000335e+00
3.555000000000000160e+00
2.134009999999999962e+01
1.388010000000000055e+01
7.344199999999999839e+00
8.795299999999999230e+00
6.591899999999999871e+00
9.818799999999999528e+00
9.358299999999999841e+00
6.493199999999999861e+00
7.447099999999999831e+00
7.336800000000000210e+00
6.378599999999999604e+00
7.163800000000000168e+00
6.270199999999999996e+00
5.880399999999999849e+00
6.371599999999999930e+00
5.594999999999999751e+00
5.514000000000000234e+00
6.901399999999999757e+00
5.373099999999999987e+00
5.253700000000000259e+00
5.784399999999999764e+00
4.887900000000000134e+00
6.132500000000000284e+00
4.932699999999999640e+00
5.061499999999999666e+00
6.087699999999999889e+00
2.534600000000000186e+00
1.536979999999999968e+01
9.765000000000000568e+00
5.427599999999999980e+00
3.529999999999999805e+00
7.713300000000000267e+00
8.489399999999999835e+00
7.723099999999999632e+00
5.663000000000000256e+00
4.592399999999999594e+00
5.320100000000000051e+00
5.329299999999999926e+00
4.546599999999999753e+00
4.484899999999999665e+00
5.052599999999999980e+00
5.184099999999999930e+00
4.756300000000000416e+00
4.671100000000000030e+00
4.640399999999999636e+00
4.163800000000000168e+00
5.476700000000000124e+00
5.229300000000000281e+00
4.314499999999999780e+00
5.037799999999999834e+00
5.310399999999999565e+00
4.143799999999999706e+00
4.885299999999999976e+00
5.372499999999999609e+00
5.118100000000000094e+00
4.532799999999999940e+00
4.876400000000000290e+00
4.473900000000000432e+00
4.788000000000000256e+00
4.124699999999999811e+00
6.737800000000000011e+00
5.746999999999999886e+00
4.314300000000000246e+00
5.419299999999999784e+00
5.484200000000000408e+00
4.972100000000000186e+00
4.776900000000000368e+00
4.962500000000000355e+00
4.733999999999999986e+00
4.615599999999999703e+00
5.131800000000000139e+00
5.043300000000000338e+00
4.959999999999999964e+00
5.224499999999999922e+00
3.469100000000000072e+00
7.849700000000000344e+00
4.880399999999999849e+00
3.983999999999999986e+00
8.095399999999999707e+00
6.152099999999999902e+00
4.225699999999999790e+00
4.924500000000000099e+00
5.850100000000000300e+00
5.360299999999999621e+00
3.575400000000000134e+00
6.396799999999999820e+00
4.534200000000000230e+00
3.756299999999999972e+00
8.239599999999999369e+00
5.542399999999999771e+00
3.391399999999999970e+00
8.533400000000000318e+00
8.237199999999999633e+00
3.876900000000000013e+00
6.092399999999999594e+00
6.980299999999999727e+00
5.141799999999999926e+00
4.157300000000000217e+00
5.901699999999999946e+00
5.318500000000000227e+00
4.064799999999999969e+00
6.302299999999999791e+00
5.553499999999999659e+00
4.729099999999999859e+00
5.550200000000000244e+00
4.888499999999999623e+00
4.882500000000000284e+00
5.008899999999999686e+00
4.724899999999999878e+00
4.580000000000000071e+00
5.287200000000000344e+00
4.950999999999999623e+00
4.903999999999999915e+00
3.793899999999999828e+00
6.874100000000000321e+00
5.479499999999999815e+00
4.442700000000000315e+00
7.147000000000000242e+00
4.894300000000000317e+00
4.434400000000000119e+00
5.429499999999999993e+00
5.591700000000000337e+00
4.931099999999999817e+00
4.638799999999999812e+00
6.169200000000000017e+00
3.995200000000000085e+00
5.791699999999999626e+00
5.802599999999999980e+00
4.121000000000000441e+00
5.683900000000000396e+00
4.908800000000000274e+00
4.935299999999999798e+00
5.783000000000000362e+00
5.030599999999999739e+00
4.988500000000000156e+00
5.576100000000000279e+00
4.560100000000000264e+00
6.325400000000000134e+00
3.593799999999999883e+00
1.121990000000000087e+01
2.951799999999999979e+00
1.101709999999999923e+01
1.034050000000000047e+01
6.863100000000000200e+00
6.256800000000000139e+00
6.881000000000000227e+00
5.469400000000000261e+00
5.114200000000000301e+00
6.284799999999999720e+00
5.898100000000000342e+00
5.370199999999999640e+00
5.282000000000000028e+00
5.229899999999999771e+00
5.610899999999999999e+00
5.316600000000000215e+00
4.425699999999999967e+00
7.214900000000000091e+00
5.225799999999999557e+00
4.318100000000000271e+00
6.694499999999999673e+00
4.835200000000000387e+00
4.502900000000000347e+00
6.020100000000000229e+00
4.778999999999999915e+00
4.116900000000000226e+00
6.070500000000000007e+00
4.789500000000000313e+00
4.710600000000000342e+00
6.155000000000000249e+00
4.104400000000000048e+00
5.968499999999999694e+00
5.501699999999999591e+00
4.273299999999999876e+00
6.306000000000000050e+00
4.370800000000000018e+00
4.624600000000000044e+00
5.913800000000000168e+00
4.802699999999999747e+00
5.311700000000000088e+00
5.379800000000000360e+00
3.765600000000000058e+00
6.373199999999999754e+00
5.040300000000000225e+00
3.999000000000000110e+00
5.843300000000000161e+00
3.492599999999999927e+00
6.572199999999999598e+00
4.978200000000000180e+00
5.313699999999999868e+00
5.152999999999999581e+00
4.983600000000000030e+00
4.635100000000000442e+00
7.913800000000000168e+00
2.871199999999999974e+00
1.149619999999999997e+01
9.420600000000000307e+00
6.809400000000000119e+00
5.028699999999999726e+00
6.327099999999999724e+00
6.583400000000000141e+00
5.602400000000000269e+00
5.222299999999999720e+00
4.767900000000000027e+00
5.230100000000000193e+00
4.631400000000000183e+00
5.996199999999999974e+00
4.809099999999999930e+00
4.393200000000000216e+00
5.440599999999999881e+00
4.982700000000000351e+00
4.832300000000000040e+00
5.428899999999999615e+00
5.005200000000000315e+00
4.977100000000000080e+00
5.160700000000000287e+00
4.961800000000000210e+00
5.012400000000000411e+00
4.768500000000000405e+00
5.711500000000000021e+00
4.536299999999999777e+00
4.977800000000000225e+00
5.501400000000000290e+00
4.478600000000000136e+00
5.315900000000000070e+00
4.636300000000000310e+00
5.046100000000000030e+00
5.443999999999999950e+00
4.447199999999999598e+00
5.671199999999999797e+00
5.260299999999999976e+00
4.880600000000000271e+00
4.345699999999999896e+00
6.498300000000000409e+00
5.424400000000000333e+00
4.484899999999999665e+00
5.698699999999999655e+00
5.674800000000000288e+00
4.725399999999999601e+00
5.058300000000000018e+00
5.047500000000000320e+00
4.620700000000000252e+00
5.481399999999999828e+00
5.209500000000000242e+00
4.698999999999999844e+00
4.863100000000000200e+00
5.670899999999999608e+00
4.868299999999999628e+00
5.305399999999999672e+00
4.111200000000000188e+00
6.346099999999999852e+00
5.893699999999999939e+00
4.172200000000000131e+00
6.889300000000000423e+00
5.439600000000000435e+00
4.213499999999999801e+00
6.284699999999999953e+00
5.202300000000000146e+00
4.735800000000000232e+00
5.691900000000000404e+00
4.829399999999999693e+00
5.809599999999999653e+00
4.604199999999999626e+00
5.344199999999999839e+00
5.776299999999999990e+00
5.269999999999999574e+00
5.498099999999999987e+00
5.030300000000000438e+00
5.697199999999999598e+00
5.716400000000000148e+00
4.698100000000000165e+00
5.877600000000000158e+00
6.203899999999999970e+00
5.436300000000000132e+00
6.033599999999999852e+00
5.254100000000000215e+00
6.331599999999999895e+00
5.647899999999999920e+00
5.764800000000000146e+00
5.914600000000000080e+00
5.711999999999999744e+00
5.949799999999999756e+00
5.029300000000000104e+00
7.072400000000000020e+00
7.042399999999999771e+00
5.922399999999999665e+00
5.646200000000000330e+00
6.481399999999999828e+00
5.993999999999999773e+00
5.136599999999999611e+00
7.899799999999999933e+00
7.111100000000000421e+00
5.316099999999999604e+00
6.687299999999999578e+00
6.841599999999999682e+00
5.873199999999999754e+00
6.030899999999999928e+00
6.430299999999999905e+00
6.273600000000000065e+00
6.267199999999999882e+00
4.842200000000000060e+00
9.745400000000000063e+00
9.384900000000000020e+00
6.783299999999999663e+00
5.093399999999999928e+00
1.050130000000000052e+01
1.012979999999999947e+01
6.465099999999999625e+00
4.988100000000000200e+00
1.011860000000000070e+01
1.037659999999999982e+01
8.234299999999999287e+00
5.177399999999999558e+00
9.254799999999999471e+00
8.760199999999999321e+00
7.031500000000000306e+00
5.722000000000000419e+00
7.569600000000000328e+00
7.182699999999999640e+00
5.910599999999999632e+00
5.355599999999999916e+00
7.619299999999999962e+00
7.247200000000000308e+00
6.482400000000000162e+00
5.911599999999999966e+00
6.562299999999999578e+00
6.176000000000000156e+00
6.005200000000000315e+00
5.966899999999999871e+00
6.063799999999999635e+00
6.413499999999999979e+00
6.653200000000000003e+00
6.362499999999999822e+00
5.670200000000000351e+00
7.198199999999999932e+00
6.623400000000000176e+00
6.148500000000000298e+00
6.267999999999999794e+00
6.873999999999999666e+00
6.432199999999999918e+00
5.897499999999999964e+00
6.370400000000000063e+00
6.660700000000000287e+00
6.851799999999999891e+00
6.730699999999999683e+00
6.870099999999999874e+00
6.858200000000000074e+00
7.025800000000000267e+00
7.231200000000000294e+00
6.878300000000000303e+00
6.960600000000000342e+00
6.640399999999999636e+00
6.777400000000000091e+00
6.934400000000000119e+00
6.902999999999999581e+00
6.712699999999999889e+00
6.756300000000000416e+00
6.603900000000000325e+00
6.636000000000000121e+00
6.709699999999999775e+00
6.620099999999999874e+00
6.321100000000000385e+00
6.488100000000000200e+00
6.634800000000000253e+00
6.549999999999999822e+00
6.666400000000000325e+00
6.578700000000000436e+00
6.518200000000000216e+00
6.702700000000000102e+00
6.801800000000000068e+00
6.836299999999999599e+00
6.713899999999999757e+00
6.972100000000000186e+00
6.758000000000000007e+00
6.757900000000000240e+00
7.136800000000000033e+00
7.141099999999999781e+00
6.851300000000000168e+00
6.526699999999999946e+00
7.330199999999999605e+00
7.166299999999999670e+00
6.361699999999999910e+00
6.668999999999999595e+00
7.037899999999999601e+00
6.815199999999999925e+00
6.466599999999999682e+00
6.545799999999999841e+00
7.261199999999999655e+00
6.942599999999999660e+00
6.644199999999999662e+00
6.564700000000000202e+00
6.931700000000000195e+00
6.835099999999999731e+00
6.659699999999999953e+00
7.108799999999999564e+00
6.564899999999999736e+00
6.531100000000000350e+00
7.310699999999999754e+00
7.432100000000000151e+00
7.076999999999999957e+00
6.845299999999999940e+00
7.430299999999999905e+00
7.211199999999999832e+00
6.543400000000000105e+00
7.313399999999999679e+00
7.461500000000000021e+00
7.054100000000000037e+00
7.192999999999999616e+00
7.381400000000000183e+00
7.200999999999999623e+00
6.898900000000000254e+00
7.208099999999999952e+00
7.348099999999999632e+00
7.016099999999999781e+00
6.944499999999999673e+00
7.446399999999999686e+00
7.414500000000000313e+00
7.151099999999999568e+00
7.310299999999999798e+00
6.788800000000000168e+00
7.141499999999999737e+00
7.003700000000000259e+00
7.128099999999999881e+00
7.184499999999999886e+00
7.211299999999999599e+00
6.946699999999999875e+00
7.033299999999999663e+00
6.771099999999999675e+00
6.865300000000000402e+00
7.110599999999999810e+00
6.732599999999999696e+00
6.446900000000000297e+00
7.187599999999999767e+00
7.287799999999999834e+00
6.920300000000000118e+00
6.663499999999999979e+00
7.024099999999999788e+00
6.993699999999999584e+00
6.929700000000000415e+00
6.572899999999999743e+00
6.862300000000000288e+00
6.918999999999999595e+00
6.690500000000000114e+00
6.988000000000000433e+00
6.686700000000000088e+00
6.963599999999999568e+00
6.914600000000000080e+00
6.407000000000000028e+00
7.649899999999999700e+00
6.971700000000000230e+00
6.631499999999999950e+00
6.894000000000000128e+00
6.750600000000000378e+00
7.062599999999999767e+00
6.300200000000000244e+00
7.082799999999999763e+00
6.772300000000000431e+00
6.273200000000000109e+00
6.190299999999999692e+00
6.797500000000000320e+00
5.584399999999999586e+00
6.974499999999999922e+00
7.328400000000000247e+00
6.958499999999999908e+00
6.374500000000000277e+00
6.503400000000000070e+00
6.442800000000000082e+00
6.927900000000000169e+00
6.959200000000000053e+00
5.468099999999999739e+00
7.596700000000000230e+00
7.888700000000000045e+00
6.179700000000000415e+00
7.569799999999999862e+00
7.786299999999999777e+00
6.458000000000000185e+00
6.126999999999999780e+00
8.158699999999999619e+00
6.491699999999999804e+00
6.511599999999999611e+00
7.245199999999999640e+00
7.768299999999999983e+00
5.887199999999999989e+00
7.715700000000000003e+00
7.038499999999999979e+00
7.046499999999999986e+00
6.564000000000000057e+00
6.923399999999999999e+00
6.922600000000000087e+00
5.272899999999999920e+00
1.356020000000000003e+01
1.111730000000000018e+01
8.244500000000000384e+00
6.311600000000000321e+00
6.512999999999999901e+00
7.258899999999999686e+00
7.274000000000000021e+00
6.855299999999999727e+00
6.383799999999999919e+00
5.771200000000000330e+00
6.503800000000000026e+00
6.223300000000000054e+00
5.783000000000000362e+00
5.826999999999999957e+00
6.665300000000000225e+00
6.010399999999999743e+00
6.133099999999999774e+00
6.242799999999999905e+00
6.418099999999999916e+00
5.889999999999999680e+00
6.032399999999999984e+00
5.960799999999999876e+00
6.577300000000000146e+00
4.472000000000000419e+00
1.259660000000000046e+01
1.015579999999999927e+01
7.120099999999999874e+00
5.377900000000000347e+00
8.585100000000000620e+00
9.452199999999999491e+00
8.788299999999999557e+00
6.053899999999999615e+00
5.319200000000000372e+00
7.234200000000000408e+00
6.246500000000000163e+00
4.668099999999999916e+00
9.302099999999999369e+00
8.727700000000000458e+00
7.241500000000000270e+00
5.966099999999999959e+00
4.139499999999999957e+00
1.278769999999999918e+01
5.201800000000000423e+00
4.087299999999999933e+00
1.921890000000000143e+01
1.733670000000000044e+01
1.474140000000000050e+01
1.192450000000000010e+01
1.000990000000000002e+01
7.740700000000000358e+00
6.104700000000000237e+00
6.437400000000000233e+00
7.076399999999999579e+00
6.844500000000000028e+00
6.306300000000000239e+00
5.907399999999999984e+00
6.365199999999999747e+00
6.185299999999999798e+00
5.760399999999999743e+00
5.296899999999999942e+00
6.177599999999999980e+00
5.597000000000000419e+00
5.595299999999999940e+00
6.012599999999999945e+00
6.015299999999999869e+00
5.574099999999999611e+00
5.487800000000000011e+00
5.751999999999999780e+00
5.914600000000000080e+00
4.975999999999999979e+00
5.751999999999999780e+00
6.435100000000000264e+00
6.421800000000000175e+00
6.111399999999999721e+00
5.709100000000000286e+00
5.025699999999999612e+00
6.039399999999999658e+00
6.571200000000000152e+00
6.216599999999999682e+00
4.984200000000000408e+00
5.947899999999999743e+00
6.444099999999999717e+00
5.937400000000000233e+00
5.466499999999999915e+00
6.087299999999999933e+00
6.520900000000000141e+00
5.620199999999999640e+00
5.770900000000000141e+00
5.423700000000000188e+00
6.221499999999999808e+00
5.949900000000000411e+00
5.538299999999999557e+00
4.719299999999999606e+00
6.092299999999999827e+00
6.146399999999999864e+00
5.221099999999999852e+00
5.990599999999999703e+00
6.305299999999999905e+00
5.529399999999999871e+00
5.559999999999999609e+00
5.370300000000000296e+00
6.176400000000000112e+00
5.704900000000000304e+00
5.569799999999999862e+00
5.884999999999999787e+00
5.645299999999999763e+00
4.630799999999999805e+00
7.518200000000000216e+00
6.847400000000000375e+00
6.006999999999999673e+00
5.449399999999999800e+00
5.732199999999999740e+00
5.956800000000000317e+00
6.050699999999999967e+00
5.979499999999999815e+00
5.774399999999999977e+00
5.393299999999999983e+00
5.399899999999999700e+00
5.796800000000000175e+00
6.113100000000000200e+00
5.928399999999999892e+00
5.270999999999999908e+00
5.598799999999999777e+00
5.445100000000000051e+00
5.879199999999999982e+00
5.799100000000000144e+00
5.677900000000000169e+00
5.778400000000000425e+00
5.659799999999999720e+00
5.243299999999999628e+00
5.881199999999999761e+00
5.984099999999999753e+00
5.709500000000000242e+00
5.421899999999999942e+00
5.137400000000000411e+00
5.605599999999999916e+00
5.361200000000000188e+00
5.918199999999999683e+00
5.318800000000000416e+00
5.651600000000000179e+00
5.446900000000000297e+00
4.465499999999999581e+00
5.911500000000000199e+00
6.440599999999999881e+00
6.253199999999999648e+00
4.730599999999999916e+00
6.188200000000000145e+00
4.743800000000000239e+00
5.070999999999999730e+00
5.984200000000000408e+00
4.508799999999999919e+00
7.067000000000000171e+00
7.108200000000000074e+00
5.592500000000000249e+00
4.961400000000000254e+00
5.931099999999999817e+00
6.122899999999999565e+00
3.949399999999999800e+00
7.986900000000000333e+00
6.716099999999999959e+00
4.808900000000000396e+00
5.416000000000000369e+00
6.053600000000000314e+00
5.706500000000000128e+00
5.032099999999999795e+00
5.082699999999999996e+00
5.601399999999999935e+00
4.407399999999999984e+00
5.650699999999999612e+00
5.953199999999999825e+00
4.241699999999999804e+00
5.805500000000000327e+00
6.376400000000000290e+00
4.697400000000000020e+00
4.088000000000000078e+00
6.307000000000000384e+00
6.359099999999999753e+00
5.605299999999999727e+00
4.599300000000000388e+00
6.217800000000000438e+00
2.200899999999999856e+00
1.182119999999999926e+01
2.129999999999999893e+00
1.139600000000000080e+01
1.051050000000000040e+01
5.726300000000000168e+00
4.140399999999999636e+00
7.215900000000000425e+00
7.146899999999999586e+00
5.037399999999999878e+00
4.381400000000000183e+00
6.109899999999999665e+00
5.679199999999999804e+00
4.494500000000000384e+00
4.724199999999999733e+00
4.665300000000000225e+00
4.813600000000000101e+00
5.257299999999999862e+00
3.988100000000000200e+00
5.666599999999999859e+00
5.150400000000000311e+00
3.331300000000000150e+00
4.574799999999999756e+00
5.311499999999999666e+00
3.725299999999999834e+00
5.822000000000000064e+00
4.705799999999999983e+00
4.059199999999999697e+00
5.747200000000000308e+00
4.871100000000000207e+00
3.111600000000000144e+00
7.064799999999999969e+00
2.511099999999999888e+00
9.586000000000000298e+00
3.932300000000000129e+00
3.385699999999999932e+00
6.076200000000000045e+00
6.017400000000000304e+00
5.002600000000000158e+00
3.737899999999999778e+00
4.992700000000000138e+00
3.369600000000000151e+00
5.171100000000000030e+00
4.128999999999999559e+00
3.543000000000000149e+00
5.150800000000000267e+00
4.105500000000000149e+00
2.495600000000000041e+00
6.081599999999999895e+00
1.717300000000000049e+00
8.233599999999999142e+00
3.403399999999999981e+00
4.306000000000000050e+00
5.793899999999999828e+00
5.168300000000000338e+00
4.084999999999999964e+00
3.797299999999999898e+00
5.607999999999999652e+00
3.536999999999999922e+00
4.692000000000000171e+00
3.599600000000000133e+00
6.449499999999999567e+00
2.754700000000000149e+00
5.381000000000000227e+00
5.429199999999999804e+00
4.804100000000000037e+00
4.122499999999999609e+00
4.888200000000000323e+00
4.332900000000000418e+00
3.931700000000000195e+00
5.217699999999999783e+00
3.413499999999999979e+00
3.695199999999999818e+00
5.506199999999999761e+00
1.958299999999999930e+00
1.010670000000000002e+01
2.357000000000000206e+00
6.141099999999999781e+00
7.766499999999999737e+00
6.225299999999999834e+00
4.565900000000000070e+00
5.428200000000000358e+00
5.163999999999999702e+00
4.333400000000000141e+00
3.719599999999999795e+00
6.073400000000000354e+00
2.974000000000000199e+00
6.940000000000000391e+00
6.355500000000000149e+00
4.098099999999999632e+00
4.355699999999999683e+00
5.136300000000000310e+00
5.036400000000000432e+00
4.347500000000000142e+00
4.621599999999999930e+00
4.453700000000000436e+00
4.648100000000000342e+00
5.258600000000000385e+00
4.115499999999999936e+00
4.577399999999999913e+00
4.195400000000000240e+00
5.147100000000000009e+00
4.586500000000000021e+00
4.615499999999999936e+00
4.418000000000000149e+00
5.050600000000000200e+00
5.298899999999999721e+00
5.566300000000000026e+00
4.950700000000000323e+00
5.075099999999999945e+00
5.038000000000000256e+00
5.340399999999999814e+00
4.967399999999999594e+00
4.311499999999999666e+00
5.252600000000000158e+00
5.848700000000000010e+00
5.755799999999999805e+00
4.389100000000000001e+00
4.218399999999999928e+00
5.212900000000000311e+00
5.145699999999999719e+00
4.954900000000000304e+00
4.809400000000000119e+00
4.966999999999999638e+00
4.567300000000000360e+00
4.496400000000000396e+00
5.552699999999999747e+00
5.701800000000000423e+00
3.945699999999999985e+00
4.742600000000000371e+00
5.560800000000000409e+00
4.880499999999999616e+00
4.624200000000000088e+00
4.962299999999999933e+00
5.263499999999999623e+00
4.808099999999999596e+00
4.901399999999999757e+00
4.644199999999999662e+00
4.847500000000000142e+00
5.215499999999999581e+00
4.786100000000000243e+00
5.114700000000000024e+00
5.030999999999999694e+00
4.897000000000000242e+00
4.888300000000000090e+00
5.389599999999999724e+00
5.913000000000000256e+00
5.307400000000000340e+00
4.421100000000000030e+00
5.376000000000000334e+00
5.410999999999999588e+00
5.080300000000000260e+00
4.999200000000000088e+00
5.149499999999999744e+00
4.557199999999999918e+00
5.711299999999999599e+00
5.182599999999999874e+00
5.263200000000000323e+00
5.476700000000000124e+00
5.133099999999999774e+00
5.440000000000000391e+00
5.743299999999999628e+00
5.141099999999999781e+00
5.570999999999999730e+00
5.400699999999999612e+00
5.350299999999999834e+00
5.707699999999999996e+00
6.467500000000000249e+00
5.184999999999999609e+00
5.862400000000000055e+00
6.201100000000000279e+00
5.141300000000000203e+00
6.262999999999999901e+00
6.373000000000000220e+00
6.165600000000000414e+00
5.500000000000000000e+00
5.619900000000000340e+00
5.887400000000000411e+00
5.842900000000000205e+00
5.590200000000000280e+00
5.594400000000000261e+00
5.237099999999999866e+00
5.994699999999999918e+00
5.997300000000000075e+00
4.868400000000000283e+00
7.631300000000000416e+00
8.190500000000000114e+00
6.846899999999999764e+00
5.475999999999999979e+00
5.454900000000000304e+00
7.216400000000000148e+00
5.985299999999999621e+00
4.660499999999999865e+00
8.515000000000000568e+00
9.228799999999999670e+00
7.850399999999999601e+00
