1.674299999999999899e+00
1.255700000000000038e+00
1.022399999999999975e+00
1.180099999999999927e+00
1.212099999999999955e+00
1.407100000000000017e+00
1.591499999999999915e+00
1.628900000000000015e+00
1.604000000000000092e+00
1.715200000000000058e+00
1.701799999999999979e+00
1.582999999999999963e+00
1.604700000000000015e+00
1.654900000000000038e+00
1.635899999999999910e+00
1.955100000000000060e+00
2.128299999999999859e+00
2.380100000000000104e+00
2.366999999999999993e+00
2.465399999999999814e+00
2.529799999999999827e+00
2.514899999999999913e+00
2.586300000000000043e+00
2.645000000000000018e+00
2.727399999999999824e+00
2.829800000000000093e+00
2.816600000000000215e+00
2.906699999999999839e+00
2.839199999999999946e+00
3.037999999999999812e+00
3.041399999999999881e+00
3.063499999999999890e+00
3.130799999999999805e+00
3.277299999999999880e+00
3.418299999999999894e+00
3.407300000000000217e+00
3.423500000000000210e+00
3.480900000000000105e+00
3.475600000000000023e+00
3.536300000000000221e+00
3.521199999999999886e+00
3.888300000000000090e+00
3.878299999999999859e+00
3.863999999999999879e+00
3.991899999999999782e+00
4.087699999999999889e+00
4.088599999999999568e+00
4.091700000000000337e+00
4.076600000000000001e+00
4.138200000000000323e+00
4.187599999999999767e+00
4.220900000000000318e+00
4.351799999999999891e+00
4.411200000000000010e+00
4.434999999999999609e+00
4.471899999999999764e+00
4.515100000000000335e+00
4.485800000000000232e+00
4.575499999999999901e+00
4.604199999999999626e+00
4.524399999999999977e+00
4.423099999999999810e+00
4.496699999999999697e+00
4.600999999999999979e+00
4.688699999999999868e+00
4.668700000000000294e+00
4.663899999999999935e+00
4.679999999999999716e+00
4.666999999999999815e+00
4.604400000000000048e+00
4.698299999999999699e+00
4.863900000000000112e+00
4.850600000000000023e+00
4.844100000000000072e+00
4.895599999999999952e+00
4.934999999999999609e+00
5.018299999999999983e+00
4.954900000000000304e+00
4.862499999999999822e+00
4.954200000000000159e+00
4.942899999999999849e+00
5.033599999999999852e+00
5.056899999999999729e+00
4.932900000000000063e+00
5.202300000000000146e+00
5.301000000000000156e+00
5.190999999999999837e+00
5.157799999999999940e+00
5.205099999999999838e+00
5.202300000000000146e+00
5.078400000000000247e+00
4.960700000000000109e+00
4.976399999999999935e+00
5.062100000000000044e+00
5.175200000000000244e+00
5.200000000000000178e+00
5.313200000000000145e+00
5.274300000000000210e+00
5.331000000000000405e+00
5.318900000000000183e+00
5.268699999999999939e+00
5.228299999999999947e+00
5.271499999999999631e+00
5.350699999999999790e+00
5.366799999999999571e+00
5.601099999999999746e+00
5.444700000000000095e+00
5.189700000000000202e+00
5.182999999999999829e+00
5.130899999999999572e+00
5.050600000000000200e+00
5.005700000000000038e+00
5.040600000000000414e+00
5.004999999999999893e+00
5.247600000000000264e+00
5.269599999999999618e+00
5.130600000000000271e+00
5.194600000000000328e+00
5.333999999999999631e+00
5.164600000000000080e+00
5.076200000000000045e+00
5.251199999999999868e+00
5.168899999999999828e+00
5.072300000000000253e+00
5.092800000000000438e+00
5.247099999999999653e+00
5.249100000000000321e+00
5.203599999999999781e+00
5.205799999999999983e+00
5.314499999999999780e+00
5.317999999999999616e+00
5.365000000000000213e+00
5.571699999999999875e+00
5.658199999999999896e+00
5.579299999999999926e+00
5.396700000000000053e+00
5.311899999999999622e+00
5.417300000000000004e+00
5.199099999999999611e+00
5.226499999999999702e+00
5.418899999999999828e+00
5.489399999999999835e+00
5.368199999999999861e+00
5.500600000000000378e+00
5.479099999999999859e+00
5.406699999999999839e+00
5.353900000000000325e+00
5.246500000000000163e+00
5.300099999999999589e+00
5.242300000000000182e+00
5.141399999999999970e+00
5.179800000000000182e+00
5.330700000000000216e+00
5.450899999999999856e+00
5.570800000000000196e+00
5.698999999999999844e+00
5.658000000000000362e+00
5.718399999999999928e+00
5.764300000000000423e+00
5.674199999999999910e+00
5.509000000000000341e+00
5.588499999999999801e+00
5.674100000000000144e+00
5.616900000000000226e+00
5.738999999999999879e+00
5.810500000000000220e+00
5.643099999999999561e+00
5.490000000000000213e+00
5.529899999999999594e+00
5.532000000000000028e+00
5.430299999999999905e+00
5.405300000000000438e+00
5.384900000000000020e+00
5.330000000000000071e+00
5.379999999999999893e+00
5.297500000000000320e+00
5.349700000000000344e+00
5.406399999999999650e+00
5.406200000000000117e+00
5.264700000000000379e+00
5.270199999999999996e+00
5.286800000000000388e+00
5.413299999999999557e+00
5.357599999999999696e+00
5.382100000000000328e+00
5.423300000000000232e+00
5.534099999999999575e+00
5.572799999999999976e+00
5.539100000000000357e+00
5.600299999999999834e+00
5.620599999999999596e+00
5.537300000000000111e+00
5.464000000000000412e+00
5.559599999999999653e+00
5.557999999999999829e+00
5.541699999999999626e+00
5.602100000000000080e+00
5.623800000000000132e+00
5.390200000000000102e+00
5.728900000000000325e+00
5.377799999999999692e+00
5.286299999999999777e+00
5.374100000000000321e+00
5.103500000000000369e+00
5.076600000000000001e+00
5.314400000000000013e+00
5.307699999999999640e+00
5.028299999999999770e+00
5.072400000000000020e+00
5.282000000000000028e+00
5.199600000000000222e+00
4.806899999999999729e+00
4.862099999999999866e+00
5.190599999999999881e+00
5.225100000000000300e+00
4.929100000000000037e+00
4.897899999999999920e+00
4.974800000000000111e+00
5.285700000000000287e+00
5.159399999999999764e+00
5.034299999999999997e+00
4.805500000000000327e+00
4.853399999999999714e+00
4.672200000000000131e+00
4.673300000000000232e+00
4.774000000000000021e+00
4.654399999999999871e+00
4.630600000000000271e+00
4.831400000000000361e+00
4.893299999999999983e+00
4.816499999999999559e+00
4.793899999999999828e+00
4.848200000000000287e+00
4.991999999999999993e+00
5.051700000000000301e+00
5.066699999999999982e+00
4.985299999999999621e+00
5.099499999999999922e+00
5.320000000000000284e+00
5.389800000000000146e+00
5.464199999999999946e+00
5.609799999999999898e+00
5.642299999999999649e+00
5.569399999999999906e+00
5.666500000000000092e+00
5.570000000000000284e+00
5.551199999999999690e+00
5.688600000000000101e+00
5.764700000000000379e+00
5.652199999999999669e+00
5.634999999999999787e+00
5.471199999999999619e+00
5.491600000000000037e+00
5.535300000000000331e+00
5.582900000000000418e+00
5.541400000000000325e+00
5.376199999999999868e+00
5.395400000000000418e+00
5.433200000000000252e+00
5.524899999999999700e+00
5.590600000000000236e+00
5.563100000000000378e+00
5.558399999999999785e+00
5.526900000000000368e+00
5.412300000000000111e+00
5.355500000000000149e+00
5.548799999999999955e+00
5.525900000000000034e+00
5.416699999999999626e+00
5.475699999999999790e+00
5.650199999999999889e+00
5.648699999999999832e+00
5.517999999999999794e+00
5.402599999999999625e+00
5.440500000000000114e+00
5.454699999999999882e+00
5.521399999999999864e+00
5.580199999999999605e+00
5.488100000000000200e+00
5.531699999999999839e+00
5.488699999999999690e+00
5.461299999999999599e+00
5.529200000000000337e+00
5.567199999999999704e+00
5.634000000000000341e+00
5.738500000000000156e+00
5.984799999999999898e+00
5.993299999999999628e+00
5.757600000000000051e+00
6.018799999999999706e+00
5.990999999999999659e+00
5.832300000000000040e+00
5.580199999999999605e+00
5.501199999999999868e+00
5.572099999999999831e+00
5.579600000000000115e+00
5.442199999999999704e+00
5.384699999999999598e+00
5.386899999999999800e+00
5.391300000000000203e+00
5.301300000000000345e+00
5.354199999999999626e+00
5.336500000000000021e+00
5.364899999999999558e+00
5.280599999999999739e+00
5.036599999999999966e+00
5.422799999999999621e+00
5.697899999999999743e+00
5.378099999999999881e+00
5.127500000000000391e+00
5.419500000000000206e+00
5.443500000000000227e+00
5.381000000000000227e+00
5.270199999999999996e+00
5.224099999999999966e+00
5.270299999999999763e+00
5.428300000000000125e+00
5.437700000000000422e+00
5.074399999999999800e+00
5.381599999999999717e+00
5.428200000000000358e+00
5.205199999999999605e+00
5.191200000000000259e+00
4.967699999999999783e+00
5.250899999999999679e+00
5.372099999999999653e+00
4.717399999999999594e+00
4.913299999999999557e+00
5.302900000000000169e+00
5.261700000000000266e+00
5.179899999999999949e+00
5.139400000000000190e+00
4.900800000000000267e+00
4.950999999999999623e+00
5.224499999999999922e+00
4.958499999999999908e+00
5.147199999999999775e+00
5.105699999999999683e+00
4.850699999999999790e+00
4.429299999999999571e+00
5.274700000000000166e+00
5.452700000000000102e+00
4.964500000000000135e+00
4.881700000000000372e+00
4.899200000000000443e+00
4.714900000000000091e+00
4.944799999999999862e+00
5.130200000000000315e+00
4.772599999999999731e+00
4.859200000000000408e+00
5.021399999999999864e+00
5.056799999999999962e+00
4.891300000000000203e+00
4.722299999999999720e+00
4.718700000000000117e+00
4.873400000000000176e+00
4.599499999999999922e+00
4.711100000000000065e+00
4.767999999999999794e+00
4.837799999999999656e+00
5.112000000000000099e+00
5.141600000000000392e+00
5.133099999999999774e+00
5.074699999999999989e+00
4.939499999999999780e+00
4.819200000000000372e+00
4.877299999999999969e+00
5.153299999999999770e+00
5.278500000000000192e+00
5.157700000000000173e+00
5.310599999999999987e+00
5.492399999999999949e+00
5.632799999999999585e+00
5.496900000000000119e+00
5.398399999999999643e+00
5.671100000000000030e+00
5.739300000000000068e+00
5.670600000000000307e+00
5.537200000000000344e+00
5.563799999999999635e+00
5.632699999999999818e+00
5.653599999999999959e+00
5.563500000000000334e+00
5.451500000000000234e+00
5.482300000000000395e+00
5.589199999999999946e+00
5.607700000000000351e+00
5.652000000000000135e+00
5.693599999999999994e+00
5.707099999999999618e+00
5.553099999999999703e+00
5.689499999999999780e+00
5.821299999999999919e+00
5.806499999999999773e+00
5.698100000000000165e+00
5.702499999999999680e+00
5.752500000000000391e+00
5.814700000000000202e+00
5.754800000000000360e+00
5.812100000000000044e+00
5.988500000000000156e+00
5.941399999999999793e+00
5.894599999999999618e+00
5.807999999999999829e+00
5.743699999999999584e+00
5.666699999999999626e+00
5.550099999999999589e+00
5.496199999999999974e+00
5.507100000000000328e+00
5.513700000000000045e+00
5.446100000000000385e+00
5.364700000000000024e+00
5.381400000000000183e+00
5.466700000000000337e+00
5.463499999999999801e+00
5.504599999999999937e+00
5.485500000000000043e+00
5.494299999999999962e+00
5.473600000000000243e+00
5.593700000000000117e+00
5.636599999999999611e+00
5.500799999999999912e+00
5.436499999999999666e+00
5.383200000000000429e+00
5.631400000000000183e+00
5.555699999999999861e+00
5.433099999999999596e+00
5.418700000000000294e+00
5.476899999999999658e+00
5.645199999999999996e+00
5.636599999999999611e+00
5.492300000000000182e+00
5.401500000000000412e+00
5.434400000000000119e+00
5.493199999999999861e+00
5.366699999999999804e+00
5.344199999999999839e+00
5.326200000000000045e+00
5.372300000000000075e+00
5.341000000000000192e+00
5.340600000000000236e+00
5.366200000000000081e+00
5.340300000000000047e+00
5.186700000000000088e+00
5.254599999999999937e+00
5.391000000000000014e+00
5.352599999999999802e+00
5.288999999999999702e+00
5.344500000000000028e+00
5.324099999999999611e+00
5.335700000000000109e+00
5.344599999999999795e+00
5.286999999999999922e+00
5.226300000000000168e+00
5.262500000000000178e+00
5.359099999999999753e+00
5.339500000000000135e+00
5.093499999999999694e+00
5.115700000000000358e+00
5.281100000000000350e+00
5.147800000000000153e+00
5.110299999999999621e+00
4.952099999999999724e+00
5.064400000000000013e+00
5.190999999999999837e+00
5.304999999999999716e+00
5.334999999999999964e+00
5.286100000000000243e+00
5.270100000000000229e+00
5.254400000000000404e+00
5.216599999999999682e+00
5.227199999999999847e+00
5.101700000000000124e+00
5.210399999999999920e+00
5.274000000000000021e+00
5.374600000000000044e+00
5.387999999999999901e+00
5.357899999999999885e+00
5.384000000000000341e+00
5.427699999999999747e+00
5.496100000000000207e+00
5.500399999999999956e+00
5.523299999999999876e+00
5.510799999999999699e+00
5.541699999999999626e+00
5.661400000000000432e+00
5.757399999999999629e+00
5.637599999999999945e+00
5.688100000000000378e+00
5.677200000000000024e+00
5.797399999999999665e+00
6.098499999999999588e+00
6.188699999999999868e+00
6.143699999999999939e+00
6.299900000000000055e+00
6.199699999999999989e+00
6.075199999999999712e+00
5.954200000000000159e+00
5.858500000000000263e+00
5.915300000000000225e+00
5.922200000000000131e+00
5.763099999999999667e+00
5.627100000000000435e+00
5.511000000000000121e+00
5.875099999999999767e+00
5.935599999999999987e+00
5.546000000000000263e+00
5.474099999999999966e+00
5.643099999999999561e+00
5.647899999999999920e+00
5.581400000000000361e+00
5.424199999999999910e+00
5.117600000000000371e+00
5.624799999999999578e+00
5.819499999999999673e+00
5.652199999999999669e+00
5.480999999999999872e+00
5.477400000000000269e+00
5.633200000000000429e+00
5.534399999999999764e+00
5.503800000000000026e+00
5.546899999999999942e+00
5.876199999999999868e+00
5.761099999999999888e+00
4.775900000000000034e+00
5.961899999999999977e+00
6.048199999999999577e+00
4.464000000000000412e+00
6.546000000000000263e+00
6.493999999999999773e+00
5.567400000000000126e+00
5.057500000000000107e+00
5.393799999999999706e+00
4.872600000000000264e+00
6.098099999999999632e+00
5.352500000000000036e+00
5.285199999999999676e+00
5.435900000000000176e+00
5.148600000000000065e+00
4.465799999999999770e+00
7.844999999999999751e+00
7.261599999999999611e+00
3.890000000000000124e+00
1.177829999999999977e+01
8.819900000000000517e+00
5.860500000000000043e+00
4.198500000000000121e+00
7.145199999999999996e+00
7.420399999999999885e+00
5.667200000000000237e+00
4.135699999999999932e+00
5.601499999999999702e+00
5.865700000000000358e+00
5.013799999999999812e+00
4.308900000000000396e+00
4.976200000000000401e+00
5.098499999999999588e+00
4.419299999999999784e+00
4.556400000000000006e+00
4.878899999999999793e+00
4.864899999999999558e+00
4.612599999999999589e+00
4.434800000000000075e+00
3.989100000000000090e+00
4.503199999999999648e+00
4.570899999999999963e+00
4.477100000000000080e+00
4.649499999999999744e+00
4.418099999999999916e+00
4.154600000000000293e+00
4.397100000000000009e+00
4.871100000000000207e+00
4.754500000000000171e+00
4.535000000000000142e+00
4.570800000000000196e+00
4.610000000000000320e+00
4.772700000000000387e+00
4.460200000000000387e+00
4.452700000000000102e+00
4.378599999999999604e+00
4.623800000000000132e+00
3.605700000000000127e+00
4.834500000000000242e+00
4.976399999999999935e+00
4.174500000000000099e+00
4.668400000000000105e+00
5.263099999999999667e+00
4.879999999999999893e+00
4.519199999999999662e+00
4.557900000000000063e+00
4.860500000000000043e+00
5.006899999999999906e+00
4.852000000000000313e+00
4.397499999999999964e+00
4.566099999999999604e+00
3.556900000000000173e+00
6.980000000000000426e+00
4.206999999999999851e+00
3.266000000000000014e+00
7.605199999999999960e+00
6.608900000000000219e+00
3.727599999999999802e+00
4.510600000000000165e+00
5.687599999999999767e+00
5.346199999999999619e+00
4.563399999999999679e+00
4.026699999999999946e+00
5.257299999999999862e+00
4.267599999999999838e+00
4.288000000000000256e+00
4.951900000000000190e+00
4.322099999999999831e+00
3.938499999999999890e+00
4.293400000000000105e+00
5.178600000000000314e+00
5.041000000000000369e+00
4.493500000000000050e+00
3.956300000000000150e+00
4.982400000000000162e+00
4.925500000000000433e+00
4.258700000000000152e+00
4.372399999999999842e+00
4.994900000000000340e+00
5.205099999999999838e+00
4.857999999999999652e+00
4.258399999999999963e+00
4.630899999999999572e+00
4.882699999999999818e+00
4.651600000000000179e+00
4.762199999999999989e+00
4.778200000000000003e+00
4.748199999999999754e+00
4.831100000000000172e+00
4.433099999999999596e+00
4.516899999999999693e+00
4.634100000000000108e+00
4.606300000000000061e+00
4.811099999999999710e+00
4.532700000000000173e+00
4.672600000000000087e+00
4.867600000000000371e+00
4.994900000000000340e+00
4.700000000000000178e+00
4.623999999999999666e+00
5.099700000000000344e+00
5.257500000000000284e+00
4.580599999999999561e+00
4.620800000000000018e+00
4.799800000000000288e+00
5.469199999999999839e+00
5.134699999999999598e+00
4.784299999999999997e+00
5.437199999999999811e+00
5.677299999999999791e+00
4.580700000000000216e+00
5.177800000000000402e+00
4.728500000000000369e+00
4.832099999999999618e+00
5.541100000000000136e+00
4.717600000000000016e+00
6.881499999999999950e+00
3.439599999999999991e+00
1.096400000000000041e+01
8.702899999999999636e+00
4.325599999999999667e+00
5.738400000000000389e+00
5.987199999999999633e+00
4.776500000000000412e+00
5.298399999999999999e+00
4.577899999999999636e+00
4.329799999999999649e+00
5.410599999999999632e+00
1.815700000000000092e+00
1.530550000000000033e+01
8.938800000000000523e+00
3.658799999999999830e+00
2.636499999999999844e+00
5.817300000000000360e+00
5.070500000000000007e+00
2.668800000000000061e+00
3.611200000000000188e+00
4.624399999999999622e+00
4.168599999999999639e+00
3.199899999999999967e+00
3.161099999999999799e+00
3.899700000000000166e+00
4.024600000000000399e+00
4.255099999999999660e+00
3.411999999999999922e+00
3.774900000000000144e+00
3.507400000000000073e+00
3.284499999999999975e+00
3.717499999999999805e+00
3.648400000000000087e+00
3.017700000000000049e+00
3.904999999999999805e+00
2.586599999999999788e+00
3.082100000000000062e+00
4.340600000000000236e+00
2.577399999999999913e+00
3.523800000000000043e+00
3.740600000000000147e+00
2.854200000000000070e+00
2.388399999999999856e+00
4.072000000000000064e+00
3.271100000000000119e+00
2.177500000000000213e+00
4.920099999999999696e+00
2.515899999999999803e+00
2.068700000000000205e+00
4.050900000000000389e+00
1.767600000000000060e+00
3.830000000000000071e+00
2.450800000000000090e+00
2.676000000000000156e+00
3.271300000000000097e+00
2.448999999999999844e+00
2.745999999999999996e+00
3.530199999999999783e+00
2.130599999999999827e+00
2.623800000000000132e+00
3.359700000000000131e+00
1.395399999999999974e+00
4.134900000000000020e+00
2.751799999999999802e+00
2.115200000000000191e+00
3.197599999999999998e+00
3.571899999999999853e+00
3.227799999999999780e+00
2.329400000000000137e+00
4.315900000000000070e+00
1.462099999999999955e+00
5.805699999999999861e+00
3.844399999999999817e+00
2.348199999999999843e+00
3.825099999999999945e+00
3.655699999999999950e+00
2.502099999999999991e+00
3.617399999999999949e+00
3.071200000000000152e+00
3.467000000000000082e+00
3.209700000000000220e+00
3.076000000000000068e+00
3.136499999999999844e+00
3.511299999999999866e+00
3.475800000000000001e+00
2.922499999999999876e+00
3.149900000000000144e+00
2.833000000000000185e+00
3.265400000000000080e+00
4.303099999999999703e+00
3.741999999999999771e-01
8.849800000000000111e+00
6.472900000000000098e+00
2.254000000000000004e+00
2.867500000000000160e+00
4.127500000000000391e+00
2.372300000000000075e+00
2.300399999999999778e+00
3.782999999999999918e+00
2.762300000000000200e+00
2.295500000000000096e+00
3.027099999999999902e+00
2.887399999999999967e+00
2.823100000000000165e+00
2.832599999999999785e+00
2.569799999999999862e+00
2.871700000000000141e+00
3.229200000000000070e+00
2.036500000000000199e+00
2.630999999999999783e+00
3.065700000000000092e+00
2.532799999999999940e+00
2.867199999999999971e+00
2.841400000000000148e+00
3.369000000000000217e+00
2.753400000000000070e+00
3.478899999999999881e+00
3.052799999999999958e+00
2.986299999999999955e+00
3.196899999999999853e+00
2.863500000000000156e+00
3.167800000000000171e+00
3.079699999999999882e+00
2.083699999999999886e+00
3.904199999999999893e+00
1.770000000000000018e+00
3.717799999999999994e+00
2.882099999999999884e+00
1.575099999999999945e+00
4.353200000000000180e+00
2.000799999999999912e+00
2.537900000000000045e+00
3.285299999999999887e+00
2.663199999999999790e+00
2.514600000000000168e+00
3.003899999999999793e+00
2.540999999999999925e+00
2.758199999999999985e+00
3.216499999999999915e+00
2.358000000000000096e+00
2.319999999999999840e+00
3.541100000000000136e+00
2.475699999999999790e+00
2.289699999999999847e+00
2.854000000000000092e+00
2.067499999999999893e+00
3.074199999999999822e+00
2.705499999999999794e+00
2.332300000000000040e+00
2.559800000000000075e+00
2.114500000000000046e+00
4.521200000000000330e+00
1.163999999999999924e+00
4.777599999999999625e+00
2.828100000000000058e+00
2.195399999999999796e+00
3.285899999999999821e+00
3.168600000000000083e+00
2.904900000000000038e+00
3.094100000000000072e+00
3.013599999999999834e+00
3.476399999999999935e+00
2.760800000000000143e+00
3.371900000000000119e+00
3.309299999999999908e+00
3.237499999999999822e+00
3.340599999999999792e+00
2.964100000000000179e+00
4.307000000000000384e+00
3.026199999999999779e+00
3.509199999999999875e+00
4.009000000000000341e+00
2.741800000000000015e+00
3.939499999999999780e+00
1.893399999999999972e+00
5.818699999999999761e+00
2.777200000000000113e+00
2.812300000000000022e+00
3.975800000000000001e+00
3.065199999999999925e+00
3.003000000000000114e+00
3.248000000000000220e+00
2.189499999999999780e+00
4.490499999999999936e+00
1.687000000000000055e+00
5.064099999999999824e+00
3.292499999999999982e+00
2.089100000000000179e+00
4.065500000000000114e+00
2.888100000000000112e+00
2.666999999999999815e+00
3.104099999999999859e+00
2.810200000000000031e+00
2.549399999999999888e+00
2.620499999999999829e+00
2.923799999999999955e+00
2.753400000000000070e+00
2.761899999999999800e+00
2.806900000000000173e+00
2.854999999999999982e+00
2.592099999999999849e+00
2.852300000000000058e+00
2.650399999999999867e+00
2.630599999999999827e+00
3.028700000000000170e+00
2.837499999999999911e+00
3.537599999999999856e+00
1.786200000000000010e+00
4.906100000000000350e+00
1.337499999999999911e+00
5.196200000000000152e+00
3.050600000000000200e+00
2.393299999999999983e+00
3.992999999999999883e+00
2.552700000000000191e+00
3.613900000000000112e+00
3.020099999999999785e+00
2.845299999999999940e+00
3.304199999999999804e+00
3.136000000000000121e+00
3.144000000000000128e+00
3.565700000000000092e+00
2.623899999999999899e+00
3.722900000000000098e+00
3.481700000000000017e+00
2.953899999999999970e+00
3.726500000000000146e+00
3.278000000000000025e+00
3.345899999999999874e+00
3.480300000000000171e+00
3.818799999999999972e+00
3.280699999999999950e+00
3.693599999999999994e+00
3.622500000000000053e+00
3.474200000000000177e+00
3.716000000000000192e+00
3.639699999999999935e+00
3.196499999999999897e+00
3.837299999999999933e+00
3.793200000000000127e+00
3.560799999999999965e+00
3.432300000000000129e+00
4.413499999999999979e+00
4.031699999999999839e+00
3.669500000000000206e+00
4.853600000000000136e+00
4.144899999999999807e+00
3.510499999999999954e+00
4.176800000000000068e+00
4.530400000000000205e+00
3.778900000000000148e+00
3.885099999999999998e+00
4.083700000000000330e+00
4.059800000000000075e+00
3.842699999999999783e+00
3.747500000000000053e+00
3.808499999999999996e+00
4.332499999999999574e+00
4.261000000000000121e+00
3.858200000000000074e+00
3.998699999999999921e+00
4.811499999999999666e+00
3.948399999999999910e+00
4.376500000000000057e+00
4.613599999999999923e+00
4.277000000000000135e+00
5.375799999999999912e+00
4.729899999999999771e+00
4.444799999999999862e+00
4.429199999999999804e+00
4.751599999999999824e+00
4.423799999999999955e+00
4.724000000000000199e+00
4.192400000000000126e+00
4.800900000000000389e+00
5.242399999999999949e+00
4.872799999999999798e+00
4.245400000000000063e+00
4.310599999999999987e+00
4.771899999999999586e+00
5.203800000000000203e+00
4.661999999999999922e+00
4.507799999999999585e+00
4.369900000000000340e+00
5.245499999999999829e+00
4.226099999999999746e+00
4.478900000000000325e+00
4.596499999999999808e+00
4.624299999999999855e+00
4.107099999999999973e+00
5.525999999999999801e+00
4.380099999999999660e+00
3.792899999999999938e+00
5.066300000000000026e+00
4.333499999999999908e+00
3.956999999999999851e+00
4.779200000000000337e+00
3.957100000000000062e+00
3.925800000000000178e+00
4.732499999999999929e+00
4.437800000000000189e+00
2.914600000000000080e+00
5.245300000000000296e+00
4.994200000000000195e+00
3.912100000000000133e+00
3.303100000000000147e+00
4.610699999999999577e+00
4.655899999999999928e+00
3.562699999999999978e+00
4.008399999999999963e+00
4.148600000000000065e+00
3.976500000000000146e+00
4.184099999999999930e+00
3.806000000000000050e+00
4.185699999999999754e+00
4.437199999999999811e+00
4.051899999999999835e+00
4.009900000000000020e+00
4.684400000000000119e+00
4.663299999999999557e+00
4.173099999999999810e+00
4.317300000000000360e+00
4.488900000000000112e+00
4.754100000000000215e+00
4.729800000000000004e+00
3.636800000000000033e+00
6.397499999999999964e+00
4.909099999999999575e+00
4.007100000000000328e+00
5.647700000000000387e+00
3.745299999999999851e+00
7.185999999999999943e+00
4.589299999999999713e+00
3.762700000000000156e+00
5.682800000000000296e+00
4.894199999999999662e+00
3.543200000000000127e+00
5.176899999999999835e+00
5.616299999999999848e+00
4.953299999999999592e+00
3.811700000000000088e+00
4.868900000000000006e+00
4.279899999999999594e+00
4.003700000000000259e+00
4.741200000000000081e+00
5.087500000000000355e+00
4.750899999999999679e+00
4.442599999999999660e+00
4.557999999999999829e+00
4.560200000000000031e+00
4.829100000000000392e+00
4.208099999999999952e+00
4.603900000000000325e+00
5.039900000000000269e+00
4.433799999999999741e+00
4.954600000000000115e+00
4.119900000000000340e+00
4.699600000000000222e+00
5.156100000000000350e+00
3.840399999999999814e+00
5.583800000000000097e+00
4.868299999999999628e+00
3.704400000000000137e+00
4.732099999999999973e+00
4.145100000000000229e+00
4.487199999999999633e+00
3.777800000000000047e+00
4.752100000000000435e+00
4.424000000000000377e+00
3.944199999999999928e+00
4.078500000000000014e+00
4.369100000000000428e+00
3.922400000000000109e+00
3.901199999999999779e+00
3.890499999999999847e+00
4.762299999999999756e+00
4.253499999999999837e+00
3.989799999999999791e+00
4.859300000000000175e+00
3.501999999999999780e+00
4.294299999999999784e+00
4.565400000000000347e+00
3.979400000000000048e+00
3.855300000000000171e+00
4.384599999999999831e+00
4.496199999999999974e+00
3.904599999999999849e+00
3.734700000000000131e+00
4.226799999999999891e+00
4.473200000000000287e+00
3.681500000000000217e+00
4.659699999999999953e+00
3.960599999999999898e+00
4.275000000000000355e+00
4.768900000000000361e+00
4.332699999999999996e+00
4.821399999999999686e+00
4.050200000000000244e+00
4.804899999999999949e+00
4.107800000000000118e+00
3.973100000000000076e+00
5.016799999999999926e+00
4.996400000000000396e+00
4.127200000000000202e+00
4.464000000000000412e+00
4.723499999999999588e+00
4.084500000000000242e+00
5.217100000000000293e+00
4.245700000000000252e+00
4.718499999999999694e+00
4.435800000000000409e+00
3.710700000000000109e+00
4.514300000000000423e+00
4.265900000000000247e+00
3.940900000000000070e+00
4.253499999999999837e+00
4.230299999999999727e+00
4.240599999999999703e+00
3.964900000000000091e+00
3.694399999999999906e+00
5.560100000000000264e+00
5.261800000000000033e+00
4.055900000000000283e+00
4.602400000000000269e+00
5.000099999999999767e+00
4.869299999999999962e+00
4.062899999999999956e+00
6.141600000000000392e+00
4.391300000000000203e+00
7.754400000000000404e+00
2.103600000000000136e+00
9.760600000000000165e+00
4.731799999999999784e+00
3.445600000000000218e+00
5.933300000000000018e+00
1.989300000000000068e+00
5.975999999999999979e+00
4.409200000000000230e+00
1.822500000000000009e+00
3.451299999999999812e+00
3.147800000000000153e+00
1.944099999999999939e+00
3.958200000000000163e+00
1.909999999999999920e+00
3.330400000000000027e+00
2.148600000000000065e+00
2.604200000000000070e+00
3.206700000000000106e+00
2.462299999999999933e+00
2.820800000000000196e+00
2.187100000000000044e+00
3.047400000000000109e+00
3.125799999999999912e+00
2.002800000000000136e+00
2.494699999999999918e+00
2.950299999999999923e+00
2.296699999999999964e+00
2.050300000000000011e+00
3.184800000000000075e+00
2.325200000000000156e+00
2.639899999999999913e+00
2.169200000000000017e+00
3.274900000000000144e+00
2.046300000000000008e+00
2.856399999999999828e+00
1.996099999999999985e+00
2.938099999999999934e+00
3.349299999999999944e+00
1.986199999999999966e+00
2.483800000000000008e+00
3.553799999999999848e+00
1.574899999999999967e+00
3.505199999999999871e+00
9.033999999999999808e-01
3.671199999999999797e+00
2.408799999999999830e+00
1.913000000000000034e+00
2.851900000000000102e+00
2.954800000000000093e+00
2.209600000000000009e+00
2.324199999999999822e+00
2.671100000000000030e+00
2.920300000000000118e+00
2.381499999999999950e+00
3.047699999999999854e+00
2.068599999999999994e+00
3.246399999999999952e+00
1.963100000000000067e+00
3.185700000000000198e+00
1.959100000000000064e+00
2.720899999999999874e+00
2.320399999999999796e+00
2.363199999999999967e+00
2.766900000000000137e+00
1.331299999999999928e+00
4.090499999999999581e+00
3.469899999999999984e+00
1.891899999999999915e+00
2.723199999999999843e+00
2.915599999999999969e+00
2.773800000000000043e+00
2.045199999999999907e+00
2.214999999999999858e+00
2.742700000000000138e+00
2.081799999999999873e+00
2.850200000000000067e+00
3.163800000000000168e+00
1.612999999999999989e+00
3.427999999999999936e+00
2.320500000000000007e+00
2.399799999999999933e+00
2.153500000000000192e+00
2.703800000000000203e+00
3.052000000000000046e+00
7.788000000000000478e-01
4.600299999999999834e+00
2.268899999999999917e+00
1.833299999999999930e+00
2.503800000000000026e+00
3.072999999999999954e+00
2.427599999999999980e+00
2.481199999999999850e+00
3.093100000000000183e+00
1.855099999999999971e+00
2.957199999999999829e+00
3.137799999999999923e+00
2.288899999999999935e+00
2.955099999999999838e+00
3.826400000000000023e+00
1.513099999999999890e+00
5.881899999999999906e+00
3.097100000000000186e+00
2.280800000000000161e+00
4.183900000000000396e+00
3.565300000000000136e+00
2.632099999999999884e+00
3.798000000000000043e+00
3.159899999999999931e+00
2.516300000000000203e+00
2.822700000000000209e+00
3.785499999999999865e+00
2.336599999999999788e+00
3.268600000000000172e+00
2.811399999999999899e+00
4.116600000000000037e+00
3.264600000000000168e+00
3.307500000000000107e+00
3.305000000000000160e+00
3.981199999999999850e+00
2.201900000000000190e+00
3.621399999999999952e+00
1.502199999999999980e+00
4.723799999999999777e+00
3.042899999999999938e+00
1.732199999999999962e+00
3.858699999999999797e+00
3.273200000000000109e+00
2.939999999999999947e+00
2.759399999999999853e+00
3.233800000000000008e+00
2.176800000000000068e+00
4.268099999999999561e+00
1.902800000000000047e+00
3.725800000000000001e+00
2.458099999999999952e+00
2.328800000000000203e+00
4.164100000000000357e+00
3.043699999999999850e+00
2.414099999999999913e+00
4.460499999999999687e+00
3.589799999999999880e+00
2.348599999999999799e+00
3.005799999999999805e+00
2.633799999999999919e+00
2.851999999999999869e+00
2.786799999999999944e+00
2.830299999999999816e+00
2.880300000000000082e+00
2.450000000000000178e+00
2.930200000000000138e+00
2.810299999999999798e+00
2.186900000000000066e+00
3.101999999999999869e+00
2.092900000000000205e+00
2.264699999999999935e+00
2.760200000000000209e+00
2.227399999999999824e+00
2.602100000000000080e+00
2.023099999999999898e+00
