1.656099999999999905e+00
2.147699999999999942e+00
2.258500000000000174e+00
2.462400000000000144e+00
2.550600000000000200e+00
2.652400000000000091e+00
2.755700000000000038e+00
2.702799999999999869e+00
2.864700000000000024e+00
2.999899999999999789e+00
3.112999999999999989e+00
3.110899999999999999e+00
3.145000000000000018e+00
3.181200000000000028e+00
3.356100000000000083e+00
3.407599999999999962e+00
3.135899999999999910e+00
3.105399999999999938e+00
3.256899999999999906e+00
3.426600000000000090e+00
3.293699999999999850e+00
3.696499999999999897e+00
3.711699999999999999e+00
3.638900000000000023e+00
3.521500000000000075e+00
3.519499999999999851e+00
3.620800000000000018e+00
3.695899999999999963e+00
3.642100000000000115e+00
3.755300000000000082e+00
3.817299999999999915e+00
3.722799999999999887e+00
3.791599999999999859e+00
3.689099999999999824e+00
3.947000000000000064e+00
3.976900000000000102e+00
4.064700000000000202e+00
3.810200000000000031e+00
3.892799999999999816e+00
3.986000000000000210e+00
4.105400000000000382e+00
4.069099999999999717e+00
4.002399999999999736e+00
4.132200000000000095e+00
4.065800000000000303e+00
4.251999999999999780e+00
4.168400000000000105e+00
4.245800000000000018e+00
4.253700000000000259e+00
4.286299999999999777e+00
4.222699999999999676e+00
4.138200000000000323e+00
4.288599999999999746e+00
4.354599999999999582e+00
4.386300000000000310e+00
4.517100000000000115e+00
4.508399999999999963e+00
4.389000000000000234e+00
4.375000000000000000e+00
4.350399999999999601e+00
4.472500000000000142e+00
4.443500000000000227e+00
4.487599999999999589e+00
4.524499999999999744e+00
4.568699999999999761e+00
4.815900000000000070e+00
4.772400000000000198e+00
4.833700000000000330e+00
4.666299999999999670e+00
4.695299999999999585e+00
4.905999999999999694e+00
4.666800000000000281e+00
4.676000000000000156e+00
4.809999999999999609e+00
4.956800000000000317e+00
5.125000000000000000e+00
5.009599999999999831e+00
4.933200000000000252e+00
5.046199999999999797e+00
5.115999999999999659e+00
5.183699999999999974e+00
5.101700000000000124e+00
5.147999999999999687e+00
5.040000000000000036e+00
5.284200000000000230e+00
5.209999999999999964e+00
5.152899999999999814e+00
5.278100000000000236e+00
5.403299999999999770e+00
5.279799999999999827e+00
5.264999999999999680e+00
5.477500000000000036e+00
5.645199999999999996e+00
5.633099999999999774e+00
5.390200000000000102e+00
5.504999999999999893e+00
5.402800000000000047e+00
5.610699999999999577e+00
5.702099999999999724e+00
5.643200000000000216e+00
5.708899999999999864e+00
5.673199999999999577e+00
5.494100000000000428e+00
5.672100000000000364e+00
5.866900000000000226e+00
5.888300000000000090e+00
5.755600000000000271e+00
5.772499999999999964e+00
5.787700000000000067e+00
5.728600000000000136e+00
5.782399999999999984e+00
5.849599999999999689e+00
5.730199999999999960e+00
5.871100000000000207e+00
5.996299999999999741e+00
5.956500000000000128e+00
5.755700000000000038e+00
5.825199999999999712e+00
6.041800000000000281e+00
5.998599999999999710e+00
5.866900000000000226e+00
5.886400000000000077e+00
5.882600000000000051e+00
5.886599999999999611e+00
5.838700000000000223e+00
5.843600000000000350e+00
5.944200000000000372e+00
6.040799999999999947e+00
6.030400000000000205e+00
5.971000000000000085e+00
6.131099999999999994e+00
5.961500000000000021e+00
6.137699999999999712e+00
6.285199999999999676e+00
5.993400000000000283e+00
6.163499999999999979e+00
6.256999999999999673e+00
6.216199999999999726e+00
6.091899999999999871e+00
5.998300000000000409e+00
6.113400000000000389e+00
6.201299999999999812e+00
6.211500000000000021e+00
6.155199999999999783e+00
6.274700000000000166e+00
6.176899999999999835e+00
6.176700000000000301e+00
6.373599999999999710e+00
6.574399999999999800e+00
6.417699999999999960e+00
6.296100000000000030e+00
6.365400000000000169e+00
6.274899999999999700e+00
6.324699999999999989e+00
6.461899999999999977e+00
6.520199999999999996e+00
6.321900000000000297e+00
6.380799999999999805e+00
6.327799999999999869e+00
6.528999999999999915e+00
6.603200000000000180e+00
6.465700000000000003e+00
6.410499999999999865e+00
6.443100000000000271e+00
6.454900000000000304e+00
6.492399999999999949e+00
6.646399999999999864e+00
6.653100000000000236e+00
6.502100000000000435e+00
6.637100000000000222e+00
6.653699999999999726e+00
6.612099999999999866e+00
6.700800000000000090e+00
6.602400000000000269e+00
6.646399999999999864e+00
6.602199999999999847e+00
6.633099999999999774e+00
6.705499999999999794e+00
6.805600000000000094e+00
6.842800000000000438e+00
6.718099999999999739e+00
6.613599999999999923e+00
6.879999999999999893e+00
7.009699999999999598e+00
6.846499999999999808e+00
6.820299999999999585e+00
6.894999999999999574e+00
6.961899999999999977e+00
6.947099999999999831e+00
6.668999999999999595e+00
7.010600000000000165e+00
6.994600000000000151e+00
6.859700000000000131e+00
6.685200000000000031e+00
6.787600000000000300e+00
6.736500000000000377e+00
6.632500000000000284e+00
6.808399999999999785e+00
6.868199999999999861e+00
6.855400000000000382e+00
6.638300000000000090e+00
6.592800000000000438e+00
6.746800000000000352e+00
6.833400000000000141e+00
6.740899999999999892e+00
6.738500000000000156e+00
6.827399999999999913e+00
6.827799999999999869e+00
6.935200000000000031e+00
6.904600000000000293e+00
6.903500000000000192e+00
6.887900000000000134e+00
6.971499999999999808e+00
6.923199999999999577e+00
6.908699999999999619e+00
6.863000000000000433e+00
6.935299999999999798e+00
6.850500000000000256e+00
6.941699999999999982e+00
7.099700000000000344e+00
7.001500000000000057e+00
6.917099999999999582e+00
7.028200000000000003e+00
6.945299999999999585e+00
7.040899999999999714e+00
6.899099999999999788e+00
7.051999999999999602e+00
7.126100000000000101e+00
7.114799999999999791e+00
7.056400000000000006e+00
6.958400000000000141e+00
7.017400000000000304e+00
7.109200000000000408e+00
7.089699999999999669e+00
7.032000000000000028e+00
7.012400000000000411e+00
7.091599999999999682e+00
7.099099999999999966e+00
7.081699999999999662e+00
7.106200000000000294e+00
7.145299999999999763e+00
7.032700000000000173e+00
7.131099999999999994e+00
7.158599999999999852e+00
7.044200000000000017e+00
7.100699999999999790e+00
7.222199999999999953e+00
7.344999999999999751e+00
7.140399999999999636e+00
6.899700000000000166e+00
7.158500000000000085e+00
7.420300000000000118e+00
7.385799999999999699e+00
7.109600000000000364e+00
7.060999999999999943e+00
7.035800000000000054e+00
7.118699999999999584e+00
6.911900000000000155e+00
7.036400000000000432e+00
7.188299999999999912e+00
7.130700000000000038e+00
7.158100000000000129e+00
7.097999999999999865e+00
7.214800000000000324e+00
7.158599999999999852e+00
7.167900000000000382e+00
7.003300000000000303e+00
7.156699999999999839e+00
7.265299999999999869e+00
7.246299999999999741e+00
7.125099999999999767e+00
7.165600000000000414e+00
7.092100000000000293e+00
7.068599999999999994e+00
7.170300000000000118e+00
7.312100000000000044e+00
7.332300000000000040e+00
7.291000000000000369e+00
7.279200000000000337e+00
7.208499999999999908e+00
7.161599999999999966e+00
7.252200000000000202e+00
7.290499999999999758e+00
7.436200000000000365e+00
7.492899999999999672e+00
7.073000000000000398e+00
7.232800000000000118e+00
7.458000000000000185e+00
7.266000000000000014e+00
7.392000000000000348e+00
7.512599999999999945e+00
7.388799999999999812e+00
7.448999999999999844e+00
7.511000000000000121e+00
7.487300000000000288e+00
7.404099999999999682e+00
7.453899999999999970e+00
7.551700000000000301e+00
7.581400000000000361e+00
7.335300000000000153e+00
7.356200000000000294e+00
7.436499999999999666e+00
7.522100000000000009e+00
7.593399999999999928e+00
7.459100000000000286e+00
7.432999999999999829e+00
7.463499999999999801e+00
7.508200000000000429e+00
7.483399999999999608e+00
7.420099999999999696e+00
7.228500000000000369e+00
7.363599999999999923e+00
7.448699999999999655e+00
7.488100000000000200e+00
7.483600000000000030e+00
7.332399999999999807e+00
7.340499999999999581e+00
7.338799999999999990e+00
7.295099999999999696e+00
7.261599999999999611e+00
7.276399999999999757e+00
7.319600000000000328e+00
7.133399999999999963e+00
7.270699999999999719e+00
7.467800000000000438e+00
7.509800000000000253e+00
7.347699999999999676e+00
7.289299999999999891e+00
7.368699999999999584e+00
7.575099999999999945e+00
7.484200000000000408e+00
7.441399999999999793e+00
7.452099999999999724e+00
7.307199999999999918e+00
7.297900000000000276e+00
7.457499999999999574e+00
7.343700000000000117e+00
7.319300000000000139e+00
7.318500000000000227e+00
7.401799999999999713e+00
7.371299999999999741e+00
7.348900000000000432e+00
7.311300000000000132e+00
7.329500000000000348e+00
7.328899999999999970e+00
7.372499999999999609e+00
7.373599999999999710e+00
7.415499999999999758e+00
7.420700000000000074e+00
7.401299999999999990e+00
7.337600000000000122e+00
7.308799999999999741e+00
7.387599999999999945e+00
7.459800000000000431e+00
7.462699999999999889e+00
7.500300000000000189e+00
7.368699999999999584e+00
7.433900000000000396e+00
7.472100000000000186e+00
7.487599999999999589e+00
7.528900000000000148e+00
7.538700000000000401e+00
7.295200000000000351e+00
7.455599999999999561e+00
7.608299999999999841e+00
7.717500000000000249e+00
7.392999999999999794e+00
7.452499999999999680e+00
7.604899999999999771e+00
7.649099999999999788e+00
7.700700000000000323e+00
7.512400000000000411e+00
7.551000000000000156e+00
7.608900000000000219e+00
7.599700000000000344e+00
7.605400000000000382e+00
7.556700000000000195e+00
7.642500000000000071e+00
7.552299999999999791e+00
7.611799999999999677e+00
7.439400000000000013e+00
7.443100000000000271e+00
7.451100000000000279e+00
7.439799999999999969e+00
7.451900000000000190e+00
7.334999999999999964e+00
7.368100000000000094e+00
7.504999999999999893e+00
7.457300000000000040e+00
7.493699999999999584e+00
7.315599999999999881e+00
7.378400000000000070e+00
7.559300000000000352e+00
7.657199999999999562e+00
7.498099999999999987e+00
7.550300000000000011e+00
7.539799999999999613e+00
7.597599999999999909e+00
7.517800000000000260e+00
7.529899999999999594e+00
7.543999999999999595e+00
7.486699999999999910e+00
7.552800000000000402e+00
7.623499999999999943e+00
7.539699999999999847e+00
7.506899999999999906e+00
7.505899999999999572e+00
7.618400000000000283e+00
7.663800000000000168e+00
7.617799999999999905e+00
7.667699999999999960e+00
7.449799999999999756e+00
7.622899999999999565e+00
7.829399999999999693e+00
7.931899999999999729e+00
7.881599999999999717e+00
7.821500000000000341e+00
7.881999999999999673e+00
7.821299999999999919e+00
8.004899999999999238e+00
8.186500000000000554e+00
8.063100000000000378e+00
7.759400000000000297e+00
7.773500000000000298e+00
8.139699999999999491e+00
7.487400000000000055e+00
8.088699999999999335e+00
8.351100000000000634e+00
8.233499999999999375e+00
7.853100000000000414e+00
7.949699999999999989e+00
7.846099999999999852e+00
7.965799999999999770e+00
7.925200000000000244e+00
7.863299999999999734e+00
7.820100000000000051e+00
7.632299999999999862e+00
7.777300000000000324e+00
7.927299999999999791e+00
7.937000000000000277e+00
7.829799999999999649e+00
7.562500000000000000e+00
7.723600000000000243e+00
7.545600000000000307e+00
7.562599999999999767e+00
7.709999999999999964e+00
7.745700000000000252e+00
7.757299999999999862e+00
7.668999999999999595e+00
7.634299999999999642e+00
7.537200000000000344e+00
7.680799999999999628e+00
7.033000000000000362e+00
7.240400000000000169e+00
7.673099999999999810e+00
7.926899999999999835e+00
7.917699999999999960e+00
7.733399999999999608e+00
7.621100000000000207e+00
7.673899999999999721e+00
7.749100000000000321e+00
7.792099999999999582e+00
7.908900000000000041e+00
7.838099999999999845e+00
7.714999999999999858e+00
7.710399999999999920e+00
7.634100000000000108e+00
7.541400000000000325e+00
6.967800000000000438e+00
7.531600000000000072e+00
8.045999999999999375e+00
8.110799999999999343e+00
7.677599999999999980e+00
7.482700000000000351e+00
7.619399999999999729e+00
7.743800000000000239e+00
7.779099999999999682e+00
7.645299999999999763e+00
7.680500000000000327e+00
7.703400000000000247e+00
7.681000000000000050e+00
7.751999999999999780e+00
7.744200000000000195e+00
7.432400000000000340e+00
7.846599999999999575e+00
7.951100000000000279e+00
8.033400000000000318e+00
8.035600000000000520e+00
8.020899999999999253e+00
7.884800000000000253e+00
7.714000000000000412e+00
7.827799999999999869e+00
7.556600000000000428e+00
7.656299999999999883e+00
7.953100000000000058e+00
7.843700000000000117e+00
7.851700000000000124e+00
7.747099999999999653e+00
7.665600000000000414e+00
7.893399999999999750e+00
7.880499999999999616e+00
7.495300000000000296e+00
7.692700000000000315e+00
7.737000000000000099e+00
7.845600000000000129e+00
7.664299999999999891e+00
7.798199999999999577e+00
7.894099999999999895e+00
7.671499999999999986e+00
7.127299999999999969e+00
7.658699999999999619e+00
7.970399999999999707e+00
7.715700000000000003e+00
7.567199999999999704e+00
7.838799999999999990e+00
7.792900000000000382e+00
7.712299999999999933e+00
7.898699999999999832e+00
7.554800000000000182e+00
7.246900000000000119e+00
7.911500000000000199e+00
8.114900000000000446e+00
7.964100000000000179e+00
7.177200000000000024e+00
7.515900000000000247e+00
7.803799999999999848e+00
6.482800000000000118e+00
7.808300000000000018e+00
8.257899999999999352e+00
7.753000000000000114e+00
7.167399999999999771e+00
7.764100000000000001e+00
7.934599999999999653e+00
7.848499999999999588e+00
7.596099999999999852e+00
7.362499999999999822e+00
7.519599999999999618e+00
7.359200000000000408e+00
7.495300000000000296e+00
7.667099999999999582e+00
6.483399999999999608e+00
7.665600000000000414e+00
7.972999999999999865e+00
7.331000000000000405e+00
7.143900000000000361e+00
8.371900000000000119e+00
8.142300000000000537e+00
5.000200000000000422e+00
1.774149999999999849e+01
1.005330000000000013e+01
5.123099999999999987e+00
1.783220000000000027e+01
2.098179999999999978e+01
1.809219999999999828e+01
1.580819999999999936e+01
1.404540000000000077e+01
1.209329999999999927e+01
1.040569999999999951e+01
9.094699999999999562e+00
7.585700000000000109e+00
7.396300000000000097e+00
7.697400000000000020e+00
7.889899999999999913e+00
8.041999999999999815e+00
7.937800000000000189e+00
8.003099999999999881e+00
7.789299999999999891e+00
7.794900000000000162e+00
7.826800000000000423e+00
7.410099999999999909e+00
7.517000000000000348e+00
7.415000000000000036e+00
6.907799999999999940e+00
7.196399999999999686e+00
6.927599999999999980e+00
7.298700000000000188e+00
7.151500000000000412e+00
7.317999999999999616e+00
7.580899999999999750e+00
6.783999999999999808e+00
6.420799999999999841e+00
7.586199999999999832e+00
6.343600000000000350e+00
9.403800000000000381e+00
1.040620000000000012e+01
7.169999999999999929e+00
6.378199999999999648e+00
7.744200000000000195e+00
7.813399999999999679e+00
5.998899999999999899e+00
8.032999999999999474e+00
8.167999999999999261e+00
6.030400000000000205e+00
1.280150000000000077e+01
6.499999999999999702e-03
3.216389999999999816e+01
2.942490000000000094e+01
2.457829999999999870e+01
1.927309999999999945e+01
1.548709999999999987e+01
1.302769999999999939e+01
1.034190000000000076e+01
8.850600000000000023e+00
7.507399999999999629e+00
6.339299999999999713e+00
5.746100000000000207e+00
5.634100000000000108e+00
5.928700000000000081e+00
6.094699999999999562e+00
6.100600000000000023e+00
5.980400000000000382e+00
6.479700000000000237e+00
6.792600000000000193e+00
6.594000000000000306e+00
6.460099999999999731e+00
6.642599999999999838e+00
6.648799999999999599e+00
6.172399999999999665e+00
6.240000000000000213e+00
6.360899999999999999e+00
6.304299999999999571e+00
6.698599999999999888e+00
6.530899999999999928e+00
6.006700000000000372e+00
5.976200000000000401e+00
6.117899999999999672e+00
5.973200000000000287e+00
6.432199999999999918e+00
6.179999999999999716e+00
5.405100000000000016e+00
5.335499999999999687e+00
6.439400000000000013e+00
6.600900000000000212e+00
5.923300000000000232e+00
5.639499999999999957e+00
6.306400000000000006e+00
5.814899999999999736e+00
5.417799999999999727e+00
6.191099999999999604e+00
6.407099999999999795e+00
5.967200000000000060e+00
6.309199999999999697e+00
6.276299999999999990e+00
6.084900000000000198e+00
5.875600000000000378e+00
5.701399999999999579e+00
6.301499999999999879e+00
5.649499999999999744e+00
6.163499999999999979e+00
6.403999999999999915e+00
6.060500000000000220e+00
6.196799999999999642e+00
5.953000000000000291e+00
5.935599999999999987e+00
6.224099999999999966e+00
6.193100000000000271e+00
6.011800000000000033e+00
6.081900000000000084e+00
5.462799999999999656e+00
5.293800000000000061e+00
6.458899999999999864e+00
6.219299999999999606e+00
5.824200000000000266e+00
5.748700000000000365e+00
6.037099999999999689e+00
5.963099999999999845e+00
5.662899999999999601e+00
6.469400000000000261e+00
5.791000000000000369e+00
5.526200000000000223e+00
6.066200000000000259e+00
6.418800000000000061e+00
5.646200000000000330e+00
5.542799999999999727e+00
6.170700000000000074e+00
5.755799999999999805e+00
5.992200000000000415e+00
5.808300000000000018e+00
5.829299999999999926e+00
5.185800000000000409e+00
7.746100000000000207e+00
7.368299999999999628e+00
4.570899999999999963e+00
8.443500000000000227e+00
8.419100000000000250e+00
6.237300000000000288e+00
5.240300000000000402e+00
6.957300000000000040e+00
6.996699999999999697e+00
6.399499999999999744e+00
5.497899999999999565e+00
6.077200000000000379e+00
6.210700000000000109e+00
5.775500000000000078e+00
5.390100000000000335e+00
6.804800000000000182e+00
5.884999999999999787e+00
5.281699999999999839e+00
7.145400000000000418e+00
5.081900000000000084e+00
6.931099999999999817e+00
6.351899999999999658e+00
4.980500000000000149e+00
8.729100000000000747e+00
6.847999999999999865e+00
5.138700000000000045e+00
6.737300000000000288e+00
6.684199999999999697e+00
6.259400000000000297e+00
5.696600000000000108e+00
6.048399999999999999e+00
5.852100000000000080e+00
5.758300000000000196e+00
6.058900000000000396e+00
5.625700000000000145e+00
5.609200000000000408e+00
5.303700000000000081e+00
6.119500000000000384e+00
6.578199999999999825e+00
5.558300000000000018e+00
5.569200000000000372e+00
5.696699999999999875e+00
6.320999999999999730e+00
5.467399999999999594e+00
5.552399999999999558e+00
6.448500000000000121e+00
6.011199999999999655e+00
5.696699999999999875e+00
5.667900000000000382e+00
6.132600000000000051e+00
5.532300000000000217e+00
7.263499999999999623e+00
6.274600000000000399e+00
4.952099999999999724e+00
6.317000000000000171e+00
6.343399999999999928e+00
6.067999999999999616e+00
5.578100000000000058e+00
5.693399999999999572e+00
5.913800000000000168e+00
5.398600000000000065e+00
6.144599999999999618e+00
6.014400000000000190e+00
5.626400000000000290e+00
6.563500000000000334e+00
6.298199999999999577e+00
5.641799999999999926e+00
5.406799999999999606e+00
6.305299999999999905e+00
5.754199999999999982e+00
5.817999999999999616e+00
5.575499999999999901e+00
5.863400000000000389e+00
6.067899999999999849e+00
6.233500000000000263e+00
5.730999999999999872e+00
5.545600000000000307e+00
6.527999999999999581e+00
6.742700000000000138e+00
5.828500000000000014e+00
5.708700000000000330e+00
6.072300000000000253e+00
6.322400000000000020e+00
6.349899999999999878e+00
5.923099999999999810e+00
5.640100000000000335e+00
6.719400000000000261e+00
7.069399999999999906e+00
6.741699999999999804e+00
6.353399999999999714e+00
6.230599999999999916e+00
6.215799999999999770e+00
6.071200000000000152e+00
6.272899999999999920e+00
6.580300000000000260e+00
6.741600000000000037e+00
6.345500000000000362e+00
6.649300000000000210e+00
6.661200000000000010e+00
6.171599999999999753e+00
6.467800000000000438e+00
6.963099999999999845e+00
7.230100000000000193e+00
6.623599999999999710e+00
6.453000000000000291e+00
6.636999999999999567e+00
6.913800000000000168e+00
6.548899999999999721e+00
5.418899999999999828e+00
7.443399999999999572e+00
7.865700000000000358e+00
7.028900000000000148e+00
6.287600000000000300e+00
6.267599999999999838e+00
6.541900000000000048e+00
6.466800000000000104e+00
6.440199999999999925e+00
6.429299999999999571e+00
6.387999999999999901e+00
6.519599999999999618e+00
6.628099999999999881e+00
6.457699999999999996e+00
6.271700000000000053e+00
6.553899999999999615e+00
6.812599999999999767e+00
6.485400000000000276e+00
6.357599999999999696e+00
6.418000000000000149e+00
6.443699999999999761e+00
6.555900000000000283e+00
6.676199999999999690e+00
6.005899999999999572e+00
6.107800000000000118e+00
6.657099999999999795e+00
6.803600000000000314e+00
6.582200000000000273e+00
6.394599999999999618e+00
6.191799999999999748e+00
6.177800000000000402e+00
6.334699999999999775e+00
6.607000000000000206e+00
6.032899999999999707e+00
6.365099999999999980e+00
6.467900000000000205e+00
6.340600000000000236e+00
6.381899999999999906e+00
6.647300000000000431e+00
6.179999999999999716e+00
7.136300000000000310e+00
7.423499999999999766e+00
6.699499999999999567e+00
6.769899999999999807e+00
6.755799999999999805e+00
6.669800000000000395e+00
6.981900000000000439e+00
6.469999999999999751e+00
6.768500000000000405e+00
6.682800000000000296e+00
6.981900000000000439e+00
6.917799999999999727e+00
6.597299999999999720e+00
6.871599999999999930e+00
6.862499999999999822e+00
6.915600000000000414e+00
6.952700000000000102e+00
6.395900000000000141e+00
6.556700000000000195e+00
6.780899999999999928e+00
6.868500000000000050e+00
6.681000000000000050e+00
6.506700000000000372e+00
6.167900000000000382e+00
6.429299999999999571e+00
6.599099999999999966e+00
6.492499999999999716e+00
6.597000000000000419e+00
6.156799999999999606e+00
6.427200000000000024e+00
6.901799999999999713e+00
6.743000000000000327e+00
6.413899999999999935e+00
6.483799999999999564e+00
6.706699999999999662e+00
6.641200000000000436e+00
6.466899999999999871e+00
6.408699999999999619e+00
6.397300000000000431e+00
6.696500000000000341e+00
6.790899999999999714e+00
6.680200000000000138e+00
6.611600000000000144e+00
6.532099999999999795e+00
6.537600000000000300e+00
6.386300000000000310e+00
6.462299999999999933e+00
6.769000000000000128e+00
6.670499999999999652e+00
6.842900000000000205e+00
6.687800000000000189e+00
6.410599999999999632e+00
6.619799999999999685e+00
7.067999999999999616e+00
7.136800000000000033e+00
6.989799999999999791e+00
6.840499999999999581e+00
6.493900000000000006e+00
6.644800000000000040e+00
6.911400000000000432e+00
7.032600000000000406e+00
6.256899999999999906e+00
6.492799999999999905e+00
6.709500000000000242e+00
6.903400000000000425e+00
6.495700000000000252e+00
6.577099999999999724e+00
6.775599999999999845e+00
6.849599999999999689e+00
6.953899999999999970e+00
6.706400000000000361e+00
6.635500000000000398e+00
6.105100000000000193e+00
6.536200000000000010e+00
6.925799999999999734e+00
6.924999999999999822e+00
6.740999999999999659e+00
6.384000000000000341e+00
6.584900000000000198e+00
6.522100000000000009e+00
6.552299999999999791e+00
6.748499999999999943e+00
6.864300000000000068e+00
6.854700000000000237e+00
6.785800000000000054e+00
6.691300000000000026e+00
6.687299999999999578e+00
6.821600000000000108e+00
7.169200000000000017e+00
6.748199999999999754e+00
6.816699999999999982e+00
7.201200000000000045e+00
7.363299999999999734e+00
7.209500000000000242e+00
6.894899999999999807e+00
6.338499999999999801e+00
7.284900000000000375e+00
7.611900000000000333e+00
7.416400000000000325e+00
6.956000000000000405e+00
6.719599999999999795e+00
7.000099999999999767e+00
7.038999999999999702e+00
6.938500000000000334e+00
7.023900000000000254e+00
6.968899999999999650e+00
6.383700000000000152e+00
6.488199999999999967e+00
6.999100000000000321e+00
6.847000000000000419e+00
6.759100000000000108e+00
6.887400000000000411e+00
6.489799999999999791e+00
6.144899999999999807e+00
7.075400000000000134e+00
6.964100000000000179e+00
6.871800000000000352e+00
6.845500000000000362e+00
6.806300000000000239e+00
6.613299999999999734e+00
6.935800000000000409e+00
6.962900000000000311e+00
6.921999999999999709e+00
6.933600000000000207e+00
6.785099999999999909e+00
7.194600000000000328e+00
7.223900000000000432e+00
6.901600000000000179e+00
6.618400000000000283e+00
7.234499999999999709e+00
7.441200000000000259e+00
7.323000000000000398e+00
6.804599999999999760e+00
7.286299999999999777e+00
7.545899999999999608e+00
7.430100000000000371e+00
6.964900000000000091e+00
7.014999999999999680e+00
7.324499999999999567e+00
7.206100000000000172e+00
6.753400000000000070e+00
6.670600000000000307e+00
6.887199999999999989e+00
7.041199999999999903e+00
6.738000000000000433e+00
6.804400000000000226e+00
6.735999999999999766e+00
6.844400000000000261e+00
6.041500000000000092e+00
6.857899999999999885e+00
7.284900000000000375e+00
7.137599999999999945e+00
6.978600000000000136e+00
6.442000000000000171e+00
6.623099999999999987e+00
6.549800000000000288e+00
6.506700000000000372e+00
6.687700000000000422e+00
7.265399999999999636e+00
6.862800000000000011e+00
6.691900000000000404e+00
6.095299999999999940e+00
6.513499999999999623e+00
6.865300000000000402e+00
7.102599999999999802e+00
7.194600000000000328e+00
6.785000000000000142e+00
6.418899999999999828e+00
5.858999999999999986e+00
7.571500000000000341e+00
7.706500000000000128e+00
7.222000000000000419e+00
5.162700000000000067e+00
8.869500000000000384e+00
7.918400000000000105e+00
6.183500000000000441e+00
7.445599999999999774e+00
7.857400000000000162e+00
7.837100000000000399e+00
6.356399999999999828e+00
6.503300000000000303e+00
6.762800000000000367e+00
6.418000000000000149e+00
6.288899999999999935e+00
7.392900000000000027e+00
6.296199999999999797e+00
6.744600000000000151e+00
6.871900000000000119e+00
7.183900000000000396e+00
4.334399999999999586e+00
1.718469999999999942e+01
3.280000000000000276e-02
2.642630000000000123e+01
2.304360000000000142e+01
1.892350000000000065e+01
1.447150000000000070e+01
1.146589999999999954e+01
8.971799999999999997e+00
8.433299999999999130e+00
6.716700000000000337e+00
6.260299999999999976e+00
6.047600000000000087e+00
6.735100000000000087e+00
6.321600000000000108e+00
6.326800000000000423e+00
5.839100000000000179e+00
5.717800000000000438e+00
5.599499999999999922e+00
5.158400000000000318e+00
5.385200000000000209e+00
5.543999999999999595e+00
5.477000000000000313e+00
5.391700000000000159e+00
5.695700000000000429e+00
5.689300000000000246e+00
5.931000000000000050e+00
5.770999999999999908e+00
5.387800000000000367e+00
5.889700000000000379e+00
5.548700000000000188e+00
5.758499999999999730e+00
5.628000000000000114e+00
5.360000000000000320e+00
5.337299999999999933e+00
5.571399999999999686e+00
5.211400000000000254e+00
5.467800000000000438e+00
5.330499999999999794e+00
5.128199999999999648e+00
5.083300000000000374e+00
5.466499999999999915e+00
5.725500000000000256e+00
5.115800000000000125e+00
5.097800000000000331e+00
5.077399999999999913e+00
5.279099999999999682e+00
5.124600000000000044e+00
5.166299999999999670e+00
5.192899999999999849e+00
5.149499999999999744e+00
5.315599999999999881e+00
5.339599999999999902e+00
4.843799999999999883e+00
5.277599999999999625e+00
5.155899999999999928e+00
5.050799999999999734e+00
4.848799999999999777e+00
5.269999999999999574e+00
5.143500000000000405e+00
5.192099999999999937e+00
5.327799999999999869e+00
5.320100000000000051e+00
5.069300000000000139e+00
5.336199999999999832e+00
5.251900000000000013e+00
4.368299999999999628e+00
6.205700000000000216e+00
6.047600000000000087e+00
5.096000000000000085e+00
4.895999999999999908e+00
5.484600000000000364e+00
5.617700000000000138e+00
4.902000000000000135e+00
5.123499999999999943e+00
4.942999999999999616e+00
4.423899999999999721e+00
5.316399999999999793e+00
5.237400000000000055e+00
4.840300000000000047e+00
4.747600000000000264e+00
5.264499999999999957e+00
4.460099999999999731e+00
4.769700000000000273e+00
4.535099999999999909e+00
3.856799999999999784e+00
6.987400000000000055e+00
4.205400000000000027e+00
6.066699999999999982e+00
6.129699999999999704e+00
4.993900000000000006e+00
4.793800000000000061e+00
5.174800000000000288e+00
5.628000000000000114e+00
4.486500000000000377e+00
4.571399999999999686e+00
4.769400000000000084e+00
4.044400000000000439e+00
5.587699999999999889e+00
4.358799999999999564e+00
4.071900000000000297e+00
6.468099999999999739e+00
2.526699999999999946e+00
1.025079999999999991e+01
9.546999999999999931e-01
1.495700000000000074e+01
9.619500000000000384e+00
6.573599999999999888e+00
6.678700000000000081e+00
6.522400000000000198e+00
6.139800000000000146e+00
6.008300000000000196e+00
5.814199999999999591e+00
5.802699999999999747e+00
5.615099999999999980e+00
5.465200000000000280e+00
5.065999999999999837e+00
4.873400000000000176e+00
5.548799999999999955e+00
5.470299999999999940e+00
5.565599999999999881e+00
5.596700000000000230e+00
5.043800000000000061e+00
4.998000000000000220e+00
5.337900000000000311e+00
4.985299999999999621e+00
5.334100000000000286e+00
5.526399999999999757e+00
5.123499999999999943e+00
5.226799999999999891e+00
5.230400000000000382e+00
4.052299999999999791e+00
6.080099999999999838e+00
5.410499999999999865e+00
5.024499999999999744e+00
5.412700000000000067e+00
4.225600000000000023e+00
7.745300000000000296e+00
5.866900000000000226e+00
3.981399999999999828e+00
7.278800000000000381e+00
7.231099999999999639e+00
5.660700000000000287e+00
4.939099999999999824e+00
5.511199999999999655e+00
5.614600000000000257e+00
5.433699999999999974e+00
5.347199999999999953e+00
5.427100000000000257e+00
4.495199999999999640e+00
5.366699999999999804e+00
5.124600000000000044e+00
4.236100000000000421e+00
6.088099999999999845e+00
6.084500000000000242e+00
4.851499999999999702e+00
5.074399999999999800e+00
5.758399999999999963e+00
4.998300000000000409e+00
5.804999999999999716e+00
5.342299999999999827e+00
5.106700000000000017e+00
5.255399999999999849e+00
5.094000000000000306e+00
5.122399999999999842e+00
5.240899999999999892e+00
4.629500000000000171e+00
5.377100000000000435e+00
5.617499999999999716e+00
5.432199999999999918e+00
4.335799999999999876e+00
7.240800000000000125e+00
4.653400000000000425e+00
5.035800000000000054e+00
6.087100000000000399e+00
5.873300000000000409e+00
4.706400000000000361e+00
6.453000000000000291e+00
5.996599999999999930e+00
4.598099999999999632e+00
7.240099999999999980e+00
5.869100000000000428e+00
4.827099999999999724e+00
6.853799999999999670e+00
6.113100000000000200e+00
5.283199999999999896e+00
5.754199999999999982e+00
6.002100000000000435e+00
5.858299999999999841e+00
5.415099999999999802e+00
6.394199999999999662e+00
5.071500000000000341e+00
6.276600000000000179e+00
6.012900000000000134e+00
5.351600000000000357e+00
5.973300000000000054e+00
5.950099999999999945e+00
5.169699999999999740e+00
6.638200000000000323e+00
5.224199999999999733e+00
5.412799999999999834e+00
5.816699999999999982e+00
6.188299999999999912e+00
5.387400000000000411e+00
5.231300000000000061e+00
4.987599999999999589e+00
6.422900000000000276e+00
6.298099999999999810e+00
4.731300000000000061e+00
6.104599999999999582e+00
5.785899999999999821e+00
5.201699999999999768e+00
5.526699999999999946e+00
6.245599999999999596e+00
5.919800000000000395e+00
4.977100000000000080e+00
7.422799999999999621e+00
6.397700000000000387e+00
4.502600000000000158e+00
9.194100000000000605e+00
7.608100000000000307e+00
5.664799999999999613e+00
5.702399999999999913e+00
7.103500000000000369e+00
6.866999999999999993e+00
5.945000000000000284e+00
5.837100000000000399e+00
6.480599999999999916e+00
6.697899999999999743e+00
5.940599999999999881e+00
6.066399999999999793e+00
6.739499999999999602e+00
5.707099999999999618e+00
